64
129
124
151
99
104
46
93
6
19
86
107
183
131
191
157
175
98
54
162
200
66
110
41
57
87
127
11
4
82
197
166
18
30
9
155
69
88
173
77
115
119
62
196
198
68
117
178
184
39
114
150
45
48
152
123
22
109
50
147
135
192
21
15
156
159
101
13
138
80
189
128
95
121
37
158
38
61
33
10
28
167
23
73
34
177
31
59
79
185
20
78
194
84
122
3
170
161
108
163
125
174
165
141
120
130
181
81
16
168
179
111
70
83
92
17
106
71
67
2
94
40
55
43
139
97
14
187
146
60
58
75
116
193
100
148
164
140
176
25
137
96
89
49
190
180
56
188
112
149
171
182
52
35
134
132
186
126
29
103
113
105
172
133
91
169
76
0
85
144
199
65
26
90
154
24
7
136
42
27
51
118
102
53
143
32
160
12
44
145
142
74
63
195
5
153
47
36
1
72
8