156
54
47
44
111
22
162
73
182
185
198
57
102
61
172
165
59
150
161
12
20
106
56
18
147
183
86
109
26
9
51
14
93
97
124
191
155
163
75
114
178
49
160
181
58
110
42
13
6
187
117
121
164
77
76
112
53
23
171
130
113
64
197
27
151
196
137
115
175
4
186
116
167
140
148
65
0
84
78
70
123
189
11
134
122
34
71
25
193
50
17
24
100
5
37
132
28
2
10
188
173
199
131
135
40
41
95
94
127
128
138
104
31
52
144
60
90
194
83
92
177
101
166
139
29
63
62
98
79
103
168
149
142
180
72
33
200
158
154
159
15
152
136
67
89
176
192
85
157
55
119
133
87
39
143
105
125
126
21
32
174
45
141
146
7
3
120
170
153
118
48
1
169
108
179
68
184
91
16
46
99
80
19
69
190
38
74
35
82
96
129
43
8
81
195
145
88
66
36
107
30