146
113
183
162
45
184
134
122
111
145
103
79
176
158
102
108
47
36
94
179
57
9
28
60
109
51
178
24
80
198
101
193
6
71
82
130
92
69
66
128
14
96
197
105
182
64
133
12
1
25
168
41
76
35
29
180
190
173
38
50
156
74
149
88
91
20
150
167
200
124
181
166
11
141
75
49
135
3
95
188
83
136
42
142
55
121
112
170
120
125
43
21
171
78
123
61
143
15
172
52
68
54
48
153
127
169
31
192
107
81
13
39
117
106
118
110
161
115
164
18
87
2
157
196
131
32
16
58
46
93
19
116
129
186
132
114
140
144
70
90
163
199
22
23
44
195
40
138
89
8
175
98
5
72
30
126
137
147
62
165
159
4
65
84
151
63
191
37
139
56
189
17
152
10
155
104
154
119
53
59
73
7
97
67
148
77
99
34
26
0
160
27
194
85
185
177
187
33
86
174
100