198
50
82
121
11
100
39
169
118
191
147
107
91
79
48
143
83
72
93
29
163
7
34
179
3
138
87
90
184
199
172
43
73
98
136
14
188
173
157
167
89
109
5
53
145
27
28
95
160
21
6
137
42
195
63
84
8
105
51
141
18
192
125
4
127
33
58
44
22
130
9
113
80
104
117
131
67
57
193
142
197
144
181
151
70
139
1
158
108
99
174
159
36
111
16
155
88
196
187
171
166
47
37
182
156
110
123
124
161
152
85
45
132
49
2
133
19
149
62
120
66
164
189
69
148
41
86
134
77
64
112
140
114
74
13
40
170
162
10
102
154
176
68
92
126
116
12
175
0
17
23
190
200
165
71
150
106
46
178
20
35
115
186
183
153
56
61
26
146
76
94
32
168
119
135
185
122
75
54
97
59
30
103
65
60
81
177
24
38
128
52
180
101
129
78
55
15
31
96
194
25