54
17
95
72
59
125
200
55
40
60
142
66
112
62
32
57
78
177
44
97
30
47
90
76
35
39
81
167
198
130
74
42
93
121
15
174
0
109
83
152
129
52
100
136
61
45
151
69
58
169
28
38
124
110
180
104
196
131
191
148
87
199
135
119
178
141
111
9
115
160
84
120
182
6
114
22
48
156
71
188
116
123
92
157
197
184
23
70
13
50
11
106
192
64
172
14
170
7
139
12
113
2
37
105
150
80
41
186
122
171
128
25
10
36
165
190
77
155
168
147
179
117
145
86
89
67
194
181
53
63
75
108
8
153
133
195
51
132
127
79
33
26
143
146
173
193
91
1
94
20
34
82
73
18
85
68
118
107
16
88
5
46
137
138
99
21
31
101
19
96
144
126
159
3
185
140
149
103
98
161
158
166
65
134
4
43
154
56
164
183
175
24
49
176
163
187
29
102
162
27
189