198
144
114
116
81
192
19
127
36
176
190
143
22
26
121
183
113
59
105
40
172
166
45
136
6
74
30
137
66
193
152
168
200
132
154
115
169
33
69
29
140
14
63
122
60
160
56
27
181
12
145
7
129
57
13
77
93
196
90
65
108
35
98
25
179
89
83
8
97
159
197
131
48
0
125
177
175
44
78
20
173
80
119
10
101
184
70
133
18
53
182
187
11
84
157
174
142
180
109
17
87
79
82
130
55
75
107
124
104
32
38
54
2
95
23
102
5
161
111
138
16
92
195
134
139
150
162
94
194
158
148
47
106
103
112
52
43
185
155
68
42
34
58
9
31
71
96
100
46
64
123
141
178
49
188
51
4
146
189
120
128
88
118
163
41
99
126
191
39
117
149
24
50
167
164
186
110
37
76
147
170
1
72
153
85
165
86
91
171
62
15
151
156
135
28
61
73
21
67
3
199