63
27
113
109
166
106
87
92
141
29
123
136
61
150
65
178
153
188
139
176
46
199
77
146
142
186
185
56
57
171
94
129
88
196
116
47
90
194
164
30
147
149
78
55
163
145
126
119
135
161
35
38
19
162
67
1
107
159
36
152
21
99
44
183
122
20
125
112
170
144
118
34
102
101
198
190
157
3
37
69
131
177
13
7
54
22
9
85
156
2
25
155
148
172
174
26
5
53
169
95
48
82
39
93
111
173
189
18
130
197
180
10
83
32
165
50
81
143
41
72
14
158
31
100
105
28
84
91
103
58
4
86
175
79
45
117
12
71
179
73
0
191
40
52
74
138
134
181
121
96
193
132
98
80
133
120
192
11
140
151
200
182
64
24
16
70
66
59
168
115
195
43
15
137
42
76
89
33
184
127
23
124
60
17
62
128
154
49
6
104
51
114
75
160
187
68
97
167
8
110
108