107
162
103
123
56
108
200
132
20
65
34
183
197
122
176
72
35
21
137
81
180
153
152
14
184
40
111
11
105
188
136
19
126
104
157
151
53
160
164
26
127
79
100
114
77
47
29
71
192
9
139
74
181
70
50
99
73
163
175
27
69
194
10
179
46
68
133
5
42
173
155
7
60
113
125
90
0
93
187
44
6
130
196
48
92
97
199
101
38
185
166
98
83
30
118
75
158
32
3
147
171
182
66
25
78
143
57
186
63
190
17
64
41
129
115
16
128
58
102
121
12
138
161
140
142
94
31
23
165
55
54
167
149
135
150
116
45
4
145
169
1
178
88
86
141
191
193
195
177
174
37
91
119
13
49
159
146
154
189
59
124
82
43
28
144
67
85
2
95
168
106
134
84
172
131
8
52
76
33
112
117
80
120
170
36
24
22
110
89
62
15
61
39
87
148
156
198
18
109
51
96