126
178
75
180
167
108
77
80
132
83
107
148
28
35
195
186
155
25
5
49
29
1
48
184
94
96
142
136
11
3
95
199
19
185
144
118
179
70
177
52
8
22
110
182
113
65
92
135
193
61
27
151
154
69
91
0
139
33
71
111
24
114
74
169
90
40
68
171
18
15
26
13
158
44
131
152
39
23
130
181
165
99
164
55
21
79
125
200
196
128
67
87
45
104
102
133
47
159
41
156
138
73
120
17
134
53
20
59
54
191
30
189
16
198
63
112
117
109
82
115
34
57
72
62
146
163
162
101
123
2
124
153
10
37
116
127
66
60
194
141
85
7
197
50
150
137
170
36
140
175
172
121
188
147
149
103
119
58
143
56
93
100
145
97
192
157
78
43
106
176
64
190
14
98
160
38
89
173
166
174
12
129
46
32
105
88
51
9
81
84
76
31
6
4
161
42
86
183
187
122
168