52
193
173
99
179
80
166
8
124
27
102
9
51
21
152
140
43
86
89
111
18
94
122
196
31
83
181
64
149
81
126
150
110
87
101
14
72
17
187
15
60
137
66
120
109
11
121
79
34
104
10
133
100
112
170
6
93
74
168
200
183
165
4
78
96
71
113
114
2
148
56
3
39
167
142
19
157
117
57
144
75
136
199
69
189
108
188
161
118
103
176
174
46
35
163
160
22
54
156
171
77
154
13
32
61
106
58
175
198
90
132
190
184
158
84
115
123
91
88
159
186
48
67
7
127
50
44
25
20
49
130
97
92
26
192
76
37
95
0
164
191
82
33
182
68
146
107
162
195
53
139
45
16
177
30
38
65
29
131
141
98
134
36
119
147
153
197
155
194
180
70
172
41
129
40
28
125
1
5
47
128
62
135
85
138
143
151
55
178
42
59
63
12
145
24
185
105
169
23
73
116