38
23
7
195
78
10
99
177
136
100
50
180
32
3
80
61
156
16
174
53
105
191
106
77
198
88
20
96
170
184
54
67
11
181
120
111
118
13
158
81
76
117
19
188
161
194
182
147
93
149
31
25
126
55
129
48
70
146
152
189
116
42
82
133
162
63
41
130
90
18
103
179
8
49
112
178
140
46
0
83
200
60
134
173
71
186
141
87
167
139
169
176
44
104
101
119
155
85
108
72
97
185
5
154
199
56
150
132
64
114
193
98
59
30
171
26
190
92
1
34
4
113
37
131
192
153
151
36
62
14
47
95
138
15
110
143
175
22
35
187
68
121
40
57
29
91
43
2
28
196
21
79
94
125
123
107
51
148
163
164
144
65
75
165
102
159
86
45
66
74
160
172
124
12
115
84
73
168
197
52
24
137
145
127
183
166
58
17
142
33
89
9
128
27
39
135
157
6
109
122
69