24
143
103
77
174
33
90
187
169
154
32
105
53
131
153
13
130
54
69
31
60
96
73
87
29
122
36
191
91
50
192
10
94
45
16
39
173
141
190
72
123
75
135
137
17
108
136
177
193
157
47
117
42
85
23
83
40
149
159
66
59
164
127
150
165
12
100
138
110
147
107
158
183
55
18
116
70
156
93
38
106
175
86
4
189
166
74
184
120
43
1
7
196
168
8
125
179
3
102
89
92
182
64
145
0
6
56
104
95
111
144
57
139
142
121
200
129
80
68
28
30
9
194
118
25
112
81
44
119
63
15
151
22
27
71
134
178
58
11
161
48
176
171
19
41
115
172
97
185
148
67
195
152
20
61
146
49
14
140
197
37
133
26
180
78
62
170
84
167
34
5
82
114
124
162
126
199
76
198
52
188
2
128
51
163
79
46
109
65
160
21
186
181
155
98
88
132
101
35
113
99