56
195
172
141
16
21
101
173
158
146
103
177
179
163
77
82
27
7
160
13
62
182
154
53
31
79
169
18
104
96
135
57
151
41
159
90
10
144
107
95
34
67
22
105
87
129
143
26
33
99
36
94
47
15
166
23
133
40
122
165
38
126
5
175
111
148
97
120
71
37
51
181
83
124
132
176
61
20
46
52
89
92
197
116
114
100
59
170
187
156
2
49
161
63
183
30
130
127
93
98
32
0
86
3
152
121
178
8
184
155
117
58
64
9
162
28
102
119
35
45
147
14
106
48
194
112
110
167
140
142
17
85
80
42
108
145
66
73
113
1
134
138
44
76
192
115
131
153
139
55
180
136
60
25
39
200
191
65
189
198
43
6
4
75
78
68
137
168
11
150
50
72
164
84
88
171
149
69
81
123
193
118
74
91
196
12
19
185
157
188
70
174
29
125
24
190
128
186
54
199
109