63
10
82
48
47
114
35
93
187
167
155
18
129
25
29
55
12
40
100
118
117
71
145
156
79
147
157
77
78
43
61
119
57
185
193
127
9
88
179
89
41
84
180
0
149
109
135
197
64
132
113
85
126
7
94
160
166
1
74
97
137
140
169
146
163
17
26
141
189
28
191
3
161
199
5
98
182
176
111
15
13
143
174
81
115
75
181
20
76
164
183
105
99
4
152
96
31
19
154
106
104
165
134
170
151
158
101
184
200
32
67
124
172
23
6
91
52
16
68
39
73
27
107
60
66
188
133
70
123
54
131
173
11
153
103
194
59
14
92
175
144
177
121
178
83
116
69
138
2
56
128
36
65
108
162
21
192
95
72
37
168
58
150
30
195
90
80
44
112
34
86
110
45
198
196
136
24
122
49
125
159
148
142
50
46
102
190
87
120
8
53
171
139
22
33
62
51
186
38
130
42