119
103
196
94
141
9
151
48
97
161
102
34
37
58
139
166
18
60
130
185
13
195
33
118
74
192
112
127
47
68
180
80
100
17
75
81
0
6
15
176
131
108
43
40
174
93
90
61
148
191
187
135
167
107
62
29
87
36
123
50
88
45
27
186
65
164
105
24
56
32
193
199
122
53
134
69
57
106
184
55
21
46
72
25
59
99
39
38
158
82
149
125
162
143
183
41
150
178
5
190
117
49
4
66
71
168
11
154
92
200
129
114
20
144
104
137
2
73
84
197
181
31
101
145
23
42
63
147
113
19
128
136
189
124
165
155
121
86
44
142
70
67
160
194
14
64
26
170
173
1
188
198
89
152
30
126
76
22
169
79
159
3
77
133
96
132
10
78
51
171
12
157
156
163
98
7
54
52
91
28
35
179
111
175
182
172
153
138
85
177
16
109
116
8
83
110
115
95
120
140
146