153
3
38
51
88
26
30
103
186
73
172
168
24
158
170
107
136
116
193
18
135
15
84
43
183
71
149
169
130
56
25
129
143
192
13
35
92
141
199
87
114
70
41
78
113
99
95
62
179
54
93
86
69
9
181
96
100
66
33
125
91
115
1
146
187
160
74
156
81
173
14
162
122
163
133
190
0
94
123
52
109
157
85
132
55
189
28
108
23
65
165
90
21
45
16
134
101
188
105
53
117
7
60
167
112
111
139
137
44
59
164
175
61
57
58
104
97
36
148
29
12
106
22
42
200
82
2
102
119
64
171
194
75
152
67
5
110
118
150
121
198
4
120
195
20
40
124
127
17
184
131
145
126
34
50
80
140
151
147
182
196
8
49
138
31
174
72
76
98
39
19
6
68
83
77
159
154
180
46
197
10
185
37
32
177
166
142
128
63
176
191
161
144
178
155
11
48
89
27
47
79