34
171
94
125
149
141
78
29
44
51
59
28
24
87
74
144
129
93
105
38
42
61
106
54
121
67
113
114
97
66
127
139
65
31
79
162
172
3
146
147
69
189
77
134
57
169
4
19
68
70
181
109
164
43
157
12
111
180
89
82
177
188
35
18
197
159
138
190
179
86
194
75
128
76
63
71
60
85
55
1
58
199
178
166
191
133
160
184
176
117
11
124
196
182
108
48
64
6
9
126
118
20
2
158
62
186
200
83
167
90
101
150
0
130
95
16
161
145
175
198
137
33
30
131
143
136
132
99
170
100
37
193
8
56
72
21
47
98
7
155
81
173
73
50
91
32
185
165
116
46
154
96
151
140
25
102
39
5
92
115
153
174
119
36
22
107
17
110
103
163
88
123
192
104
49
53
122
41
120
187
142
152
112
156
195
40
15
10
135
26
14
183
168
52
13
148
27
80
84
23
45