141
77
97
147
98
25
116
46
18
3
93
171
59
73
63
94
132
137
22
90
112
23
115
81
39
52
168
180
56
75
15
198
163
40
158
95
87
80
21
146
188
5
57
162
64
143
183
181
41
13
31
106
118
150
78
37
53
86
47
119
38
190
107
85
20
60
157
129
4
161
9
92
123
70
42
48
32
27
136
185
199
24
160
196
167
200
173
140
45
133
61
195
113
178
176
69
33
117
67
120
16
96
179
51
2
19
105
125
152
49
79
29
169
84
71
164
193
35
153
30
54
159
122
165
43
142
111
74
65
166
0
36
127
182
26
58
109
44
175
184
170
100
154
1
135
91
191
101
12
138
197
187
8
28
99
130
172
72
17
66
14
128
110
82
103
88
139
104
131
186
11
50
126
177
174
144
10
55
6
124
192
83
89
34
145
189
151
156
121
62
134
194
76
102
108
7
155
68
114
149
148