122
92
124
27
120
95
6
77
132
160
143
148
101
159
41
184
74
11
186
156
66
144
176
161
131
80
103
190
172
64
87
49
20
154
60
70
170
69
68
35
93
134
197
19
96
83
137
56
23
114
162
2
5
31
128
57
17
55
8
54
28
42
33
61
193
147
38
58
21
125
127
102
158
3
51
18
195
164
99
73
123
139
199
151
86
107
183
110
89
108
24
65
182
194
78
118
189
106
191
140
142
135
34
181
88
40
1
85
167
67
39
169
187
119
129
200
14
82
168
115
59
37
16
113
26
75
146
173
163
71
180
116
4
52
112
130
47
53
121
7
100
155
165
138
84
45
29
0
32
111
171
152
175
166
94
46
198
177
178
72
79
105
9
12
150
109
50
185
25
13
63
117
97
62
149
98
133
174
196
81
192
141
145
48
10
179
44
91
126
157
136
76
188
15
36
30
104
43
90
153
22