140
0
8
176
135
119
56
69
81
21
104
155
39
124
11
125
138
98
74
101
144
75
35
110
4
59
197
117
152
20
166
57
28
196
126
91
80
29
136
51
60
154
54
189
50
146
33
121
112
186
13
100
49
95
190
40
133
76
12
66
106
32
105
3
165
23
26
18
9
14
46
89
151
45
71
77
108
92
43
120
78
147
111
137
102
97
67
10
171
170
187
118
180
192
130
163
17
88
85
157
7
177
160
37
153
132
191
182
199
109
122
16
195
70
161
103
79
145
34
84
90
185
61
149
168
139
148
48
41
19
47
42
116
22
156
72
87
36
25
6
141
83
64
62
53
193
181
86
169
99
198
179
129
194
38
82
142
107
113
150
115
175
143
134
174
172
188
94
68
159
31
167
123
5
114
55
24
63
1
173
164
200
184
58
162
27
93
96
30
44
2
52
178
127
183
131
158
128
65
73
15