190
148
6
39
100
98
198
19
119
162
47
149
71
21
135
110
169
45
194
92
196
25
121
128
16
58
195
122
108
182
53
175
69
64
95
192
183
10
145
93
139
31
32
79
133
61
174
185
188
116
51
144
65
86
99
151
131
82
97
37
140
75
168
73
24
43
78
3
26
117
111
96
55
4
41
157
56
2
147
84
170
123
124
63
68
81
173
90
102
7
87
153
159
125
176
120
142
179
177
193
33
88
137
48
57
76
199
101
112
178
38
42
27
74
115
143
44
77
59
20
18
191
167
154
72
141
60
66
30
109
186
8
165
35
155
13
132
172
104
107
0
1
114
46
22
136
89
106
11
14
9
113
138
180
146
67
134
127
164
62
23
94
17
49
105
103
126
36
158
150
52
28
187
171
54
200
5
152
15
130
160
163
166
129
83
118
80
91
34
197
29
12
181
40
85
189
156
50
70
184
161