106
139
166
85
61
31
17
104
125
148
173
57
124
29
102
138
94
20
21
198
110
175
12
150
8
49
14
140
92
47
165
112
55
145
93
66
128
70
122
25
83
86
192
108
40
123
53
79
44
137
63
121
87
46
74
131
119
111
194
171
127
50
143
135
54
89
167
73
13
0
41
147
100
80
189
81
146
64
188
184
168
9
141
182
172
190
183
39
132
98
82
26
152
99
134
156
176
169
68
159
196
129
133
38
72
51
178
91
160
1
23
84
126
11
187
101
177
75
15
18
43
120
45
154
109
27
59
144
56
4
71
185
5
186
151
7
180
142
24
32
28
2
158
48
77
65
118
36
62
30
113
10
195
136
69
115
179
153
96
52
3
16
200
42
163
191
6
199
105
67
170
95
157
19
88
181
197
37
114
60
76
155
22
130
193
117
34
164
78
97
35
149
174
33
161
58
116
107
90
162
103