88
95
194
107
57
19
3
157
65
22
135
129
93
64
28
119
131
11
199
92
123
156
91
134
72
43
38
124
189
197
164
32
187
44
85
79
51
148
17
87
179
200
81
100
176
80
171
112
167
101
181
41
114
69
125
89
0
132
195
136
37
193
23
155
7
52
6
54
106
62
127
83
8
174
103
96
46
26
60
18
152
170
61
56
4
30
12
29
36
48
163
147
109
21
154
78
39
161
110
120
173
150
159
166
165
118
178
185
105
158
190
121
172
140
198
77
175
115
58
50
9
183
45
188
47
144
13
130
126
74
90
116
111
186
180
149
162
122
16
192
191
49
153
146
137
20
25
94
31
184
196
102
113
42
68
133
128
169
182
142
70
82
59
177
138
10
151
40
35
67
1
97
14
27
2
15
168
66
84
139
63
143
86
71
160
99
117
108
24
55
53
141
34
73
98
75
33
76
145
104
5