173
80
122
183
172
165
99
0
66
149
124
15
164
16
166
58
126
19
25
135
62
28
133
9
161
50
128
33
134
132
144
6
76
92
140
117
11
176
52
112
3
182
81
30
32
72
178
64
93
35
39
101
40
75
168
38
151
153
107
42
7
146
155
48
12
47
158
29
57
150
88
104
1
192
118
156
184
94
71
21
136
67
26
111
70
41
43
46
24
95
177
181
170
37
171
167
10
56
34
89
160
36
130
65
195
187
91
2
157
147
78
49
8
174
61
121
198
199
54
17
68
86
194
55
73
123
139
148
77
142
100
179
109
44
96
125
127
180
22
163
159
63
143
145
188
5
141
45
119
14
120
13
115
162
197
59
190
200
18
85
20
51
129
98
131
103
186
137
106
154
60
175
169
83
87
189
116
74
4
27
152
82
97
110
69
53
102
185
114
138
193
108
23
196
84
191
90
113
79
31
105