181
168
146
73
180
153
113
30
128
66
161
78
33
120
39
47
152
61
87
80
63
165
97
197
119
81
35
164
182
58
100
82
198
6
169
106
98
134
104
7
184
130
176
188
171
172
163
166
62
110
185
177
93
111
174
199
79
145
44
0
187
162
12
23
137
125
65
28
135
191
105
142
56
67
91
170
144
22
8
68
86
92
71
59
112
132
140
138
17
149
60
31
118
190
24
157
143
72
158
175
139
183
21
32
156
155
121
150
129
19
124
55
27
85
4
96
13
53
147
196
83
26
194
42
109
25
38
3
77
179
131
54
193
45
114
75
46
57
69
189
154
127
76
16
101
148
103
94
5
36
178
90
159
40
10
117
51
89
99
95
126
173
116
88
64
151
14
43
2
186
37
29
18
133
122
34
1
107
136
123
84
11
160
70
108
50
9
41
49
195
48
52
102
115
15
200
141
167
74
192
20