170
104
62
44
141
164
63
4
180
173
176
177
29
123
145
74
46
35
50
24
39
72
21
149
144
137
103
14
166
129
16
159
110
168
189
181
190
120
107
165
5
175
171
75
193
106
114
153
8
67
37
59
31
169
140
1
86
49
124
71
82
17
30
47
156
6
34
126
76
32
135
101
152
81
148
122
179
142
40
158
19
3
48
68
109
85
57
54
36
73
128
66
113
167
70
143
185
194
183
174
196
12
184
26
93
42
95
77
154
84
200
45
139
182
138
79
43
28
91
22
7
105
83
162
125
41
186
147
52
119
20
89
96
2
58
195
188
111
99
172
102
51
161
53
163
38
56
23
198
80
60
65
118
11
69
97
146
98
121
112
100
55
90
25
87
130
88
9
134
116
0
191
27
33
15
136
199
197
92
157
117
131
94
192
108
18
13
155
10
150
187
132
160
151
64
61
178
115
133
127
78