38
146
75
40
11
89
181
65
162
36
79
69
37
77
16
101
190
182
145
173
116
45
132
147
17
51
20
39
21
199
138
131
53
186
192
61
41
139
100
180
156
57
88
28
46
170
175
154
54
136
151
42
27
165
80
83
94
123
104
78
177
169
144
22
81
13
198
91
124
73
64
35
140
171
103
134
12
55
26
157
195
33
117
108
48
125
85
50
110
160
84
70
141
185
102
143
167
32
176
200
115
126
159
68
178
193
1
87
119
62
25
105
174
158
71
56
23
18
112
14
86
99
76
128
10
152
6
142
98
120
111
172
63
189
7
109
150
166
58
135
188
137
133
149
164
113
127
155
44
183
0
9
19
168
67
130
179
161
184
106
107
8
191
187
196
24
194
82
43
31
96
93
148
163
114
72
52
97
29
34
47
90
74
95
66
153
4
5
3
197
60
30
15
59
118
121
129
49
122
92
2