45
81
22
156
117
164
93
118
109
34
121
155
28
183
78
68
70
99
152
53
48
128
157
41
42
175
66
124
141
75
180
146
105
95
122
38
143
74
51
188
40
57
88
131
161
89
87
80
115
29
112
168
11
96
103
197
32
135
114
77
169
106
101
125
94
30
14
69
153
185
194
181
35
182
59
150
33
13
27
142
26
8
15
166
92
116
119
1
6
72
49
136
198
56
196
18
60
73
97
44
67
177
120
107
186
31
187
104
149
151
129
132
139
36
133
184
90
25
84
113
71
123
171
102
91
189
154
52
100
174
192
4
167
7
46
159
82
76
20
191
3
163
63
79
110
126
134
147
65
10
23
54
19
55
144
130
158
179
16
140
193
160
145
62
43
21
86
173
111
148
178
176
37
200
2
165
199
58
24
85
17
5
162
0
12
39
170
190
98
172
9
64
50
138
137
47
61
127
195
108
83