181
79
173
31
165
184
70
73
141
27
35
29
168
48
163
164
167
72
14
51
4
30
199
8
191
113
10
37
81
198
151
65
80
121
131
106
177
25
6
157
114
40
180
104
162
76
59
138
99
24
22
87
128
97
183
85
61
3
155
134
41
189
78
18
63
90
15
147
112
95
93
156
84
172
17
88
108
39
109
32
148
171
57
58
50
54
139
43
100
20
130
116
182
200
123
169
34
135
187
77
96
129
91
36
158
178
82
53
133
102
68
197
2
140
152
52
136
60
69
143
146
120
101
154
83
16
44
193
145
89
125
94
9
21
111
74
132
11
67
23
117
12
1
118
159
55
38
105
176
33
194
47
46
107
26
56
179
115
75
188
137
166
170
192
103
13
190
153
71
66
98
126
86
186
45
0
62
150
161
19
119
174
195
49
110
122
175
7
127
185
92
64
144
5
142
149
160
124
42
196
28