17
174
120
15
186
35
90
199
140
118
30
133
27
124
164
178
48
137
115
11
113
29
194
160
182
73
81
136
112
185
51
101
190
116
122
153
57
70
191
13
9
110
117
142
55
46
19
5
44
65
104
34
146
134
144
42
151
31
80
169
23
85
154
139
188
45
78
200
141
180
72
16
64
68
172
96
170
50
18
135
87
52
114
155
79
3
125
175
143
187
130
127
177
129
88
83
192
97
166
162
189
157
0
20
163
131
71
103
100
198
76
62
167
126
108
37
12
176
138
54
184
6
91
14
86
173
22
56
168
82
40
152
106
145
161
41
43
99
148
98
92
119
105
121
49
74
69
24
33
89
60
1
109
47
36
7
150
107
179
149
132
8
61
38
196
165
123
32
10
4
77
128
21
197
25
66
2
26
58
102
39
193
28
158
111
95
75
94
59
93
181
53
156
63
195
159
171
147
67
84
183