29
131
151
118
18
132
62
37
174
126
122
186
33
81
120
67
80
44
86
15
66
180
47
82
2
154
97
158
0
43
171
172
167
45
195
197
185
65
56
104
139
32
11
111
22
58
93
74
3
129
168
14
27
63
51
188
79
92
50
160
115
149
35
68
150
34
71
64
135
128
123
90
53
106
191
153
161
200
10
20
49
182
176
189
117
77
17
28
69
101
192
133
183
6
166
103
25
70
48
178
61
144
100
88
102
116
147
89
105
108
119
96
152
165
24
75
26
52
1
8
12
5
55
41
173
196
141
73
136
194
164
142
76
84
113
181
72
110
112
91
163
16
40
94
23
145
134
31
36
57
193
38
184
148
138
98
95
177
4
146
9
190
121
130
137
162
170
46
7
83
85
30
127
59
99
87
54
175
140
39
114
13
78
19
157
199
143
169
60
159
109
155
198
107
125
179
21
42
156
124
187