132
158
192
92
118
61
33
74
72
6
173
138
22
148
38
175
133
139
117
142
104
27
13
68
66
181
182
171
163
96
1
93
71
150
73
62
123
200
169
56
197
109
112
120
35
116
36
196
136
45
190
18
107
21
50
87
14
55
111
191
153
49
110
24
124
189
39
10
162
127
25
80
4
198
113
185
154
44
46
145
97
134
12
193
152
89
75
98
141
114
186
84
195
106
144
11
102
76
170
176
77
0
95
67
131
26
63
31
156
137
135
164
126
2
99
59
79
88
183
86
30
52
108
5
82
57
94
119
32
7
151
174
188
40
166
165
9
19
47
51
34
15
149
53
161
155
140
168
184
48
65
17
130
122
78
60
167
83
159
28
125
37
54
180
90
179
43
81
20
70
105
103
64
101
41
172
128
187
8
199
121
100
58
85
160
115
146
177
157
69
178
194
23
42
3
143
16
147
29
129
91