177
91
37
44
122
88
114
76
168
42
174
72
80
11
96
109
113
164
32
145
125
131
5
49
22
140
25
197
198
196
16
40
112
17
10
188
87
115
86
7
53
78
23
33
183
158
102
29
12
135
127
190
6
184
141
152
56
20
3
143
93
123
73
24
58
79
172
57
13
54
100
94
178
132
47
34
144
90
126
150
104
38
156
15
81
110
1
149
129
106
181
8
67
0
119
159
89
85
43
21
107
45
166
130
116
97
154
142
195
200
60
185
155
161
124
50
27
105
160
83
117
84
139
39
180
98
118
101
65
121
77
52
41
28
186
151
153
75
187
189
169
95
134
138
173
108
171
199
18
179
2
128
9
14
92
82
31
69
62
167
120
192
26
46
170
36
35
61
148
51
146
4
48
59
165
194
147
137
175
68
66
103
19
163
162
55
99
182
157
176
111
133
30
71
191
193
74
136
63
70
64