111
167
12
28
180
77
38
87
157
136
34
90
195
116
78
95
103
64
156
168
139
17
76
59
53
153
181
182
14
16
4
19
122
162
91
27
43
192
22
142
185
163
149
123
183
82
105
73
110
124
15
135
52
130
70
49
86
140
68
41
1
45
107
29
154
97
48
173
81
65
174
177
170
191
24
18
117
88
10
66
58
83
2
96
85
187
69
40
126
21
178
198
141
150
36
89
57
9
32
99
56
20
102
100
7
137
147
11
50
120
35
145
84
108
193
189
158
55
179
42
47
166
46
62
94
109
165
169
39
104
26
98
44
161
121
37
144
101
75
72
113
164
160
5
63
184
151
175
197
159
194
190
148
31
114
51
132
186
138
200
71
54
133
74
146
30
0
196
8
155
129
118
143
176
61
112
23
127
3
79
131
199
172
115
67
119
6
128
92
25
125
13
33
93
152
188
80
134
106
171
60