183
19
200
159
27
0
4
103
125
138
123
134
119
7
149
18
166
68
12
91
135
164
195
145
127
104
169
76
181
99
84
15
133
79
45
20
39
16
185
101
72
122
42
55
97
77
130
160
2
90
78
189
137
31
43
172
136
54
35
23
131
11
61
147
106
107
174
176
44
124
8
57
118
36
37
49
175
92
70
5
58
146
163
152
40
184
165
95
93
83
158
29
153
139
22
109
105
168
170
30
89
63
28
98
126
96
32
85
192
102
162
88
111
87
108
182
13
190
10
188
34
62
178
51
117
17
46
132
199
128
115
48
150
156
116
161
154
69
173
21
33
114
50
64
1
194
73
82
113
121
167
52
41
143
3
179
81
193
75
66
9
26
155
53
141
148
71
74
47
157
59
129
187
65
120
67
198
191
180
80
56
144
186
86
171
196
60
25
151
24
197
110
140
6
38
100
94
177
112
14
142