151
25
158
167
154
148
100
6
45
87
23
7
36
160
90
58
33
49
37
163
190
131
53
149
9
197
10
69
89
140
74
195
14
180
47
35
127
128
62
165
80
11
144
110
81
16
39
86
92
117
146
99
83
24
196
120
57
172
170
186
61
134
98
50
141
125
104
114
8
13
137
72
18
118
109
153
159
52
138
136
156
96
174
142
188
56
171
66
73
68
175
22
31
85
181
2
1
19
192
147
126
143
71
34
161
199
77
177
0
123
32
84
168
46
191
48
122
28
169
41
124
129
157
106
111
44
107
78
63
12
185
132
187
193
3
4
42
40
94
79
93
20
200
133
43
70
5
155
150
116
17
21
130
38
198
194
103
82
75
152
119
162
55
91
183
145
108
135
76
51
121
97
182
60
27
115
95
101
15
54
59
26
113
67
112
189
105
164
173
139
88
65
166
29
30
102
179
178
176
184
64