124
157
39
10
57
17
12
54
200
71
4
59
0
115
98
152
136
101
148
103
73
128
31
154
25
51
49
7
61
44
187
174
13
113
63
178
129
195
140
121
15
163
159
193
18
24
111
99
91
86
29
137
139
76
68
116
143
94
38
5
28
172
122
92
127
74
34
150
135
48
156
100
81
141
41
88
46
118
196
144
70
79
53
62
6
52
185
93
108
56
138
66
60
183
160
130
169
197
177
21
168
14
47
123
20
155
23
162
8
199
35
145
198
27
120
147
180
132
114
67
37
26
192
133
149
72
90
181
89
176
3
95
36
84
40
165
167
126
131
1
189
2
134
58
65
153
146
78
125
87
77
16
96
179
11
182
186
173
43
50
97
22
164
82
110
171
170
85
117
55
104
69
83
102
42
107
194
119
184
45
9
142
188
19
33
64
32
191
105
190
109
158
106
112
75
175
161
80
166
151
30