117
134
25
157
156
154
141
87
106
71
101
133
189
26
147
72
12
116
115
68
136
17
183
193
185
41
19
100
27
153
180
126
60
168
148
65
59
78
70
171
137
187
6
61
93
22
81
13
177
47
130
8
159
63
29
197
122
170
146
7
142
150
132
69
35
45
121
90
155
111
152
0
74
10
196
79
108
151
16
52
149
195
1
192
5
135
80
84
56
76
95
164
145
179
107
173
34
88
3
191
51
49
127
42
66
2
64
82
40
200
131
54
184
163
53
125
188
58
158
57
114
178
48
15
91
160
24
89
23
102
37
120
86
199
103
140
99
20
190
73
31
186
39
50
14
165
181
33
83
28
118
30
144
32
139
21
169
97
138
36
85
43
11
198
4
92
46
67
77
9
75
55
174
167
161
123
172
128
119
110
104
175
18
94
129
194
166
62
176
105
124
143
112
96
113
38
109
44
182
162
98