124
98
44
148
160
12
51
67
153
173
140
18
187
96
103
88
93
143
146
180
62
80
46
75
38
152
116
14
101
20
65
149
188
24
68
108
192
92
2
112
190
182
131
47
41
19
155
32
184
165
113
197
106
122
102
6
183
189
22
7
0
127
87
107
191
27
194
40
158
163
34
76
39
156
94
157
119
159
171
95
77
56
104
21
81
8
72
35
135
170
162
89
114
48
63
52
130
28
179
145
57
128
85
198
142
84
138
74
139
1
117
166
11
167
16
185
133
177
132
147
73
137
154
97
134
168
141
9
195
164
54
193
70
129
111
60
120
123
78
4
150
118
174
53
151
50
144
79
175
186
33
105
31
59
86
5
58
126
71
125
83
29
91
45
109
64
55
99
136
115
121
13
30
176
178
26
100
25
61
169
66
49
69
110
3
181
199
23
36
90
196
200
17
161
82
15
43
10
42
172
37