157
65
160
100
135
131
59
179
79
32
98
158
3
60
35
66
7
42
178
177
41
186
27
164
78
143
88
192
0
96
197
97
144
51
15
153
133
174
29
92
139
87
38
33
62
140
76
125
185
173
149
180
94
116
18
86
101
114
122
46
170
22
74
9
75
156
199
14
16
154
82
24
110
162
105
47
189
172
126
72
194
148
70
95
39
40
34
13
141
2
127
193
17
28
124
69
23
106
166
168
20
26
103
128
161
111
151
54
118
130
123
91
184
115
136
163
4
84
175
195
104
6
73
8
37
183
30
89
121
188
117
49
61
43
90
44
68
56
191
171
85
182
21
187
50
53
63
169
102
5
81
36
146
196
137
109
45
138
10
129
165
77
108
159
181
113
155
134
1
120
176
112
200
57
71
198
99
19
142
11
107
48
152
190
64
147
167
132
145
52
25
55
58
67
83
31
12
150
80
119
93