151
86
161
143
109
74
121
15
82
9
12
55
160
56
41
100
8
186
89
119
59
5
54
172
177
46
171
88
128
129
7
71
19
31
78
97
58
49
21
149
159
181
76
173
141
38
98
116
187
67
165
170
178
22
84
104
156
127
37
87
108
140
40
148
0
32
1
65
81
96
154
134
118
185
48
61
190
147
146
63
45
77
189
60
53
123
137
101
132
120
64
83
69
11
107
85
99
139
163
52
196
191
6
179
50
72
18
92
152
138
14
136
93
167
10
162
153
126
106
26
198
62
29
3
169
158
13
80
122
79
43
39
24
27
164
117
188
44
66
183
182
144
192
34
174
133
111
90
20
168
103
2
42
102
95
112
36
135
16
131
4
194
124
47
73
113
199
150
68
142
105
70
57
33
114
51
115
94
17
25
193
195
155
176
145
28
184
166
175
35
200
125
91
110
180
197
130
157
23
30
75