181
66
194
0
147
109
189
92
184
123
18
148
182
86
126
31
173
165
89
150
7
99
21
49
103
12
88
160
25
104
197
9
43
60
79
111
32
71
188
85
63
54
175
74
121
84
196
65
131
168
144
58
90
34
142
174
112
191
15
82
152
107
195
95
128
61
145
8
180
183
118
14
4
155
41
27
35
187
108
50
80
164
146
178
91
24
133
28
199
141
11
13
119
156
56
200
67
36
52
69
159
100
153
22
46
122
17
170
87
125
6
78
139
53
47
172
117
110
59
5
33
115
158
198
171
166
120
77
10
81
192
179
106
44
157
151
105
26
101
64
167
138
57
30
135
93
51
73
140
177
169
186
62
55
136
113
163
19
20
154
48
2
97
76
29
72
45
193
176
149
114
162
37
96
98
102
124
185
116
16
70
132
129
143
137
83
38
68
1
127
42
161
190
23
134
3
94
39
40
130
75