39
91
74
41
37
162
44
51
130
56
89
103
179
171
142
113
46
98
187
59
150
181
65
195
45
129
87
57
71
67
151
17
29
99
137
43
28
12
100
55
183
126
169
40
124
84
116
76
96
154
58
15
48
122
115
63
26
101
189
197
25
78
188
16
81
52
30
22
21
35
7
61
104
123
145
79
121
194
34
3
175
198
50
180
114
158
88
47
167
42
72
190
166
119
148
80
163
73
105
108
186
33
117
14
20
143
127
153
36
144
93
161
0
24
191
128
125
5
49
200
86
132
10
196
139
133
11
141
152
193
6
9
168
75
106
164
185
165
131
69
110
32
170
92
1
38
82
19
184
94
146
176
4
178
135
111
149
60
157
66
140
155
199
95
8
13
174
112
54
136
18
27
173
64
134
97
138
172
192
182
120
62
160
31
118
83
2
77
147
70
68
159
109
53
102
90
107
156
177
23
85