70
178
37
34
185
105
85
91
146
73
199
4
167
100
158
142
108
118
58
172
36
175
0
16
153
45
155
95
177
126
162
32
137
81
186
13
12
173
88
113
68
140
103
198
27
44
99
25
24
23
188
61
143
104
62
160
87
76
6
139
3
9
157
127
159
40
128
63
38
56
14
114
189
50
195
47
60
21
122
52
196
83
168
170
149
18
197
94
1
51
15
132
134
8
43
145
71
112
136
75
154
184
144
79
2
191
26
171
166
133
92
165
84
130
119
187
98
183
138
102
11
200
53
115
164
169
124
29
179
141
39
65
78
77
147
66
67
33
163
19
74
28
80
82
90
42
55
97
89
148
135
176
125
59
57
182
150
109
31
174
111
10
129
96
181
72
192
194
152
123
49
17
64
151
7
69
93
156
54
5
121
48
30
161
180
35
106
190
22
120
116
41
86
117
110
107
193
46
20
101
131