102
165
123
177
103
88
124
65
57
7
135
141
31
142
9
63
50
2
66
71
200
78
24
168
155
81
33
45
134
118
170
67
193
11
37
75
136
94
90
107
182
98
143
34
199
4
174
192
68
49
96
117
35
128
152
129
186
189
23
150
173
47
46
153
39
105
120
151
52
53
8
79
44
175
93
25
29
138
147
197
48
149
99
60
16
158
180
139
10
160
188
85
72
12
119
84
40
95
92
132
101
36
183
164
76
38
184
178
97
131
30
130
113
15
181
167
74
13
5
148
20
162
116
187
21
140
108
41
61
127
64
109
19
122
62
191
18
137
121
198
157
114
161
28
83
73
77
26
176
163
27
80
115
89
1
69
133
104
3
196
166
87
6
59
171
56
14
22
159
112
172
126
154
111
58
146
125
179
195
17
51
169
144
0
70
106
54
43
194
190
86
42
100
91
185
55
82
32
156
145
110