0
183
146
104
19
154
128
199
150
5
37
38
27
36
22
9
73
192
87
126
68
145
6
117
77
121
63
165
162
143
79
133
127
198
135
21
131
174
119
149
158
191
139
15
62
115
95
112
184
124
173
108
74
190
64
105
147
29
182
163
76
167
101
88
130
23
137
171
103
175
43
98
194
197
28
141
114
193
136
45
4
80
106
125
170
134
39
7
89
123
93
168
46
97
179
66
122
1
31
65
177
102
10
81
144
32
185
72
50
157
189
20
25
13
195
161
60
96
3
109
11
85
61
91
159
70
151
52
92
83
34
155
138
82
113
47
153
26
152
71
69
142
129
164
44
59
75
16
99
67
160
58
54
90
180
57
196
94
172
111
86
181
49
132
35
140
53
56
100
78
30
55
2
116
187
200
178
118
14
12
110
166
156
107
148
40
51
17
18
8
176
48
33
120
84
42
188
41
169
186
24