110
61
88
66
192
49
92
57
71
200
39
50
25
67
6
28
99
102
36
197
123
51
193
170
35
10
185
169
124
31
115
178
53
60
184
101
112
12
76
114
44
54
64
42
181
167
108
149
86
140
142
100
107
179
127
174
160
83
141
183
40
120
109
91
137
65
46
70
72
190
30
164
128
73
116
172
21
45
159
81
196
166
119
16
146
15
9
189
194
158
173
106
136
2
105
4
182
147
104
41
55
14
82
63
18
75
171
68
156
87
47
34
118
145
133
144
8
59
94
103
95
96
180
126
48
199
3
130
22
111
43
155
148
154
186
11
177
122
27
113
80
38
62
58
195
0
29
78
89
161
69
191
152
188
163
135
139
1
117
79
125
132
134
24
7
187
151
121
52
77
85
5
19
153
56
162
98
131
93
26
129
74
90
13
32
33
157
97
198
150
143
168
84
17
37
175
138
20
165
176
23