55
75
147
86
92
93
112
179
199
40
19
103
181
180
62
87
191
113
158
200
135
124
171
168
189
95
185
71
122
12
100
16
31
111
96
183
15
41
34
165
175
115
110
25
33
49
72
126
166
186
60
82
68
48
190
119
50
11
155
46
23
43
104
54
161
121
98
148
69
39
134
144
108
28
9
4
109
3
78
99
167
6
8
0
151
187
63
97
157
27
20
159
136
29
117
149
193
81
80
24
137
2
90
174
21
192
176
18
10
7
173
38
133
101
14
73
70
17
94
36
197
35
130
146
145
198
195
106
52
59
163
22
89
162
37
139
74
118
44
128
45
64
32
105
66
65
47
79
120
141
76
182
153
13
61
5
58
84
177
42
188
83
85
194
164
169
170
57
156
91
26
56
184
142
123
143
152
131
107
51
178
127
1
160
138
88
67
77
114
150
102
154
132
172
116
30
53
140
129
196
125