54
100
31
167
51
8
179
140
88
29
154
17
71
134
197
107
15
7
91
60
14
82
25
85
16
67
56
0
177
78
162
182
64
157
199
13
186
89
74
185
132
117
101
121
108
150
34
135
37
193
2
180
133
57
80
141
38
198
90
111
175
147
52
124
9
184
120
142
106
172
96
105
161
28
127
58
113
83
33
171
68
151
99
19
75
92
59
148
170
116
86
45
46
103
109
138
39
79
115
53
4
5
112
66
183
50
94
137
187
41
190
192
128
114
160
131
35
81
159
21
84
98
163
181
69
168
43
73
176
11
102
55
12
10
118
76
126
77
3
136
1
123
196
72
32
30
110
40
87
178
95
63
119
143
152
153
144
62
146
36
47
26
165
122
155
195
166
104
191
200
44
65
194
27
97
139
6
130
70
49
42
189
23
158
174
18
164
145
156
20
149
173
125
22
24
61
48
188
169
93
129