128
109
136
138
97
52
147
36
187
37
98
177
47
120
160
45
169
146
158
29
115
35
155
53
34
57
32
111
162
157
6
74
75
58
126
65
86
19
7
114
11
153
4
199
142
174
130
8
3
178
39
42
137
198
125
116
144
12
176
85
92
100
82
154
88
46
24
66
101
179
87
124
180
18
48
150
108
127
67
196
41
175
151
140
107
200
90
139
14
59
161
194
132
195
5
78
171
197
27
84
189
103
93
31
123
76
110
186
94
163
13
172
183
73
16
1
122
2
121
0
170
83
188
81
102
15
192
184
193
69
112
68
182
95
190
117
20
55
113
79
135
61
105
129
149
191
141
131
9
25
56
89
148
63
156
40
22
21
50
72
71
62
164
17
64
33
104
145
185
43
44
152
96
134
166
168
159
51
77
167
54
26
60
30
49
38
28
143
133
118
181
106
173
23
10
99
80
70
165
91
119