34
172
137
158
93
71
141
152
159
39
81
69
16
5
166
114
52
50
135
64
47
182
180
72
44
163
97
103
169
89
12
2
153
167
144
142
33
123
107
7
26
87
83
190
59
146
112
40
197
99
42
198
194
131
174
165
129
27
53
30
171
126
68
157
15
179
94
51
139
160
164
90
45
143
46
31
88
176
196
147
41
156
102
116
22
168
0
118
17
48
29
55
127
84
28
63
187
124
195
58
61
54
43
13
73
186
191
183
91
120
151
140
133
173
188
109
175
67
181
35
23
65
79
19
108
113
4
86
111
149
20
154
132
134
177
110
9
122
18
75
117
148
38
80
96
78
119
6
162
185
82
11
105
170
193
74
200
57
76
25
24
101
138
32
36
66
56
1
3
37
104
95
155
150
161
21
136
115
85
145
128
100
10
178
77
189
184
62
121
60
106
199
8
14
125
70
130
98
92
192
49