96
157
24
45
137
111
127
176
180
165
54
77
167
110
145
106
102
25
8
20
73
136
168
134
10
43
152
64
6
30
139
119
22
98
189
26
52
27
1
173
179
146
192
12
57
31
198
144
80
32
121
38
103
56
88
199
21
71
93
7
177
55
149
155
29
74
63
46
90
135
4
195
170
13
114
78
132
48
28
118
108
172
166
62
174
125
182
178
72
154
65
126
156
49
115
66
59
76
60
79
11
83
147
36
68
89
61
40
47
51
122
138
5
191
37
94
101
190
197
113
41
184
148
99
130
23
160
109
161
131
58
84
75
196
35
171
18
33
133
162
129
187
67
17
70
188
92
19
34
163
200
87
112
185
107
85
117
3
91
104
69
120
175
0
2
116
181
142
158
194
44
164
153
150
186
95
169
105
14
42
82
143
159
193
123
15
9
81
97
183
124
16
151
141
128
140
50
86
100
53
39