123
179
30
84
171
73
3
91
5
66
147
53
99
81
38
183
136
108
161
61
7
34
156
107
24
35
103
174
72
50
55
82
57
150
106
112
16
4
145
178
175
21
149
188
193
17
164
129
177
105
182
31
199
144
56
37
86
166
36
101
184
0
191
40
11
157
59
170
12
25
39
115
93
90
48
195
43
80
100
172
83
19
176
10
77
63
102
126
127
68
110
96
111
139
163
87
160
58
181
142
124
74
26
190
79
154
49
158
13
109
200
153
121
165
186
168
133
169
94
151
192
27
75
155
148
47
29
95
89
45
60
198
189
131
141
42
65
1
197
6
116
104
128
8
28
52
180
67
117
85
20
71
159
70
162
41
78
54
44
143
167
135
64
187
125
137
114
88
120
23
196
97
98
152
194
185
76
32
146
51
113
119
138
33
9
140
134
92
22
132
130
46
14
2
15
62
122
118
69
18
173