124
200
92
40
27
162
188
5
181
177
44
64
12
82
13
137
10
175
32
45
193
182
48
93
116
148
112
198
163
102
189
3
117
186
28
36
187
94
114
151
9
135
196
174
79
55
160
146
73
106
129
158
133
1
113
123
61
120
164
149
178
11
4
197
169
161
35
199
134
6
34
70
75
87
155
0
98
139
97
71
89
39
132
154
17
77
126
119
67
156
38
105
180
144
59
21
88
99
24
33
142
192
138
91
171
74
86
121
85
185
127
57
173
152
195
140
107
63
125
184
26
166
90
176
128
100
65
69
49
194
159
16
115
80
52
78
31
22
19
14
42
136
66
118
190
83
167
81
109
145
143
47
147
8
58
56
95
103
191
122
72
15
30
153
51
43
179
157
46
104
54
110
60
25
172
41
150
111
23
53
50
141
130
108
68
168
96
37
29
76
2
84
62
18
165
7
170
183
131
101
20