15
177
161
11
51
186
26
197
44
65
78
144
9
4
47
48
126
25
84
32
17
33
87
41
137
70
60
172
162
22
1
46
31
127
34
58
183
105
146
181
19
69
117
43
3
28
14
113
61
188
77
129
140
96
66
7
0
192
145
103
153
56
74
42
8
189
104
123
53
167
2
107
89
195
49
148
5
159
90
64
23
120
55
134
68
12
155
21
166
80
6
122
116
76
185
50
111
106
125
20
63
184
175
62
101
199
149
130
82
73
16
115
35
100
97
37
99
52
83
112
191
187
147
54
178
170
71
85
132
171
36
200
119
118
151
81
156
152
150
57
38
45
30
174
131
95
190
98
124
182
110
139
136
10
180
165
59
94
141
164
75
157
67
24
93
121
179
88
154
40
196
79
102
92
86
168
135
109
194
133
169
91
176
13
27
173
158
142
160
138
72
198
29
163
128
39
143
114
18
108
193