61
153
151
17
86
115
90
160
77
71
98
131
118
62
88
186
132
177
150
112
55
39
123
85
65
75
167
43
138
190
9
140
120
52
18
169
76
178
69
166
154
100
145
189
2
161
133
101
87
130
137
183
182
22
144
173
135
12
26
25
114
50
45
152
29
1
58
200
109
148
146
111
195
20
59
44
165
168
191
193
199
102
14
142
187
147
108
80
72
185
128
24
188
13
37
181
49
30
23
116
89
136
106
159
67
60
93
27
171
33
47
192
83
97
8
127
96
46
91
156
157
4
155
175
125
42
110
198
32
21
35
34
64
104
51
7
92
74
180
176
122
28
68
105
70
11
117
41
99
94
163
126
139
82
113
16
78
95
194
121
63
179
107
53
174
5
81
196
103
36
149
15
170
197
6
141
184
119
48
57
19
31
38
84
164
66
3
172
0
10
162
158
73
143
129
79
56
40
54
134
124