80
45
64
74
191
85
23
124
178
120
183
60
33
61
193
182
173
155
105
144
194
189
148
168
14
8
160
102
34
140
176
104
77
32
106
186
73
40
42
27
157
156
171
31
62
5
21
7
137
117
55
75
20
111
43
185
134
65
39
26
167
46
197
125
18
24
48
90
188
110
76
3
88
95
177
16
153
79
89
109
129
100
4
98
179
198
35
29
151
116
150
187
180
91
53
175
72
161
190
44
28
83
57
166
181
199
96
119
139
87
10
97
84
174
54
15
58
195
114
149
52
158
82
163
122
143
131
142
101
127
49
132
136
107
30
93
37
113
103
133
50
6
51
165
71
2
196
121
47
94
12
67
63
36
59
11
68
92
112
141
56
154
192
126
38
130
164
1
172
9
169
123
184
13
17
115
69
138
19
25
108
118
159
0
99
145
200
66
128
152
170
70
147
22
81
86
78
146
41
135
162