192
175
69
124
72
126
128
140
141
177
181
151
104
193
179
176
41
157
29
26
17
115
49
117
188
114
34
19
42
113
30
43
149
98
73
105
53
66
80
116
25
156
111
35
36
152
1
93
107
7
21
9
55
52
182
16
130
132
169
67
54
199
23
61
168
171
81
27
6
60
47
37
99
160
121
83
131
97
95
122
194
173
82
190
139
174
65
100
127
18
56
196
164
129
200
89
106
109
87
44
63
118
133
33
162
185
150
155
108
101
24
77
20
163
186
0
120
161
76
75
46
58
96
148
14
147
102
57
92
12
85
8
112
134
32
172
143
22
187
180
84
86
90
13
3
88
170
38
119
74
138
50
45
166
64
145
39
79
4
2
158
146
10
191
123
135
11
40
198
195
51
153
91
15
125
142
5
178
59
31
78
159
183
94
197
136
62
189
70
154
110
137
103
184
71
48
68
167
165
144
28