55
86
73
165
23
199
32
131
119
137
79
129
116
10
104
48
95
92
93
90
169
141
122
74
39
149
118
173
65
163
106
47
196
200
38
195
120
101
192
1
187
72
20
91
182
151
89
186
191
16
126
77
15
33
172
179
36
145
139
166
98
35
27
37
19
81
167
150
97
66
142
8
193
162
123
130
21
154
30
71
125
53
87
133
171
178
146
174
85
161
24
156
80
160
170
49
144
143
113
18
99
136
12
29
148
190
158
83
50
60
197
70
26
177
17
22
0
40
176
184
62
181
175
115
153
111
34
28
128
188
117
42
64
164
159
100
78
157
88
107
11
52
185
96
13
59
5
51
75
44
76
63
112
155
147
7
41
121
2
84
58
110
57
168
124
9
132
180
69
82
6
105
25
189
138
45
67
43
134
109
183
68
114
14
3
152
61
198
94
140
54
194
108
135
127
103
4
31
102
46
56