133
156
23
51
192
142
111
144
34
107
141
112
8
191
89
180
49
63
167
73
109
176
1
9
99
12
198
164
146
138
128
194
80
65
124
103
123
184
15
16
31
172
54
43
74
199
21
19
20
4
28
40
70
47
186
190
181
13
14
6
44
5
11
162
94
129
165
151
117
58
161
82
3
127
195
159
61
93
91
87
29
168
126
134
169
136
46
0
36
143
33
68
182
86
100
78
96
88
101
104
120
108
97
147
53
83
119
38
17
139
196
59
150
114
69
113
175
115
174
135
148
179
155
122
2
32
116
137
57
60
76
24
170
163
110
131
67
140
98
52
149
71
62
118
125
178
154
7
50
37
45
10
79
189
153
121
64
92
145
132
183
160
106
95
157
55
185
56
42
90
188
200
152
39
77
72
85
30
48
197
187
66
130
84
35
166
177
173
105
26
193
25
75
18
102
81
22
27
41
158
171