182
14
195
60
200
18
132
72
118
125
47
107
91
93
128
0
10
117
163
34
150
198
192
52
138
191
104
153
174
159
119
67
45
167
73
65
58
8
185
17
3
190
103
142
94
114
193
168
50
59
99
9
172
109
180
30
81
137
111
21
38
24
22
46
77
173
187
85
55
123
56
161
69
112
152
75
120
26
64
166
155
96
44
36
178
25
144
143
51
108
164
156
115
13
66
188
83
35
175
124
39
2
196
87
101
27
177
131
88
48
33
84
4
140
16
197
126
113
61
97
149
82
134
49
146
106
127
158
1
129
15
154
95
80
183
5
169
100
105
181
148
79
12
11
76
194
32
7
40
70
116
89
41
151
135
98
170
121
171
133
6
43
29
160
92
37
62
136
86
42
68
20
157
145
23
102
53
199
139
74
28
179
184
147
130
54
189
78
165
122
19
141
110
63
176
31
90
57
71
186
162