58
156
198
67
60
199
88
128
20
108
118
2
94
55
173
138
181
158
115
71
24
98
66
57
74
31
197
145
41
104
45
121
161
6
72
112
187
169
1
105
192
39
185
184
196
62
193
13
168
44
26
182
30
176
101
111
3
163
148
147
32
49
179
65
131
175
33
153
151
174
90
152
73
162
139
194
177
102
80
8
61
59
155
4
99
25
95
54
22
124
69
70
119
53
16
28
36
64
122
135
34
51
78
180
12
77
133
129
100
142
19
42
9
144
52
200
11
83
195
46
91
89
171
186
106
114
167
92
84
188
86
146
40
164
126
136
76
159
132
96
27
117
157
63
15
50
0
48
47
166
93
23
10
178
81
35
116
7
82
130
154
125
150
56
75
21
149
37
110
17
97
87
38
191
43
170
172
141
123
127
160
18
5
140
165
137
113
103
68
14
109
190
189
120
79
143
183
107
85
134
29