34
90
59
6
144
98
122
116
55
56
84
53
3
4
22
52
107
170
68
172
73
28
70
20
69
63
134
101
124
1
85
92
143
127
180
109
176
136
142
103
27
165
153
62
102
182
48
13
162
199
77
149
174
166
18
89
64
196
76
140
118
49
156
152
72
75
54
177
38
185
2
115
65
146
194
167
195
31
94
25
164
112
100
12
42
61
128
96
40
60
148
33
87
120
163
24
147
173
32
71
132
151
123
150
181
200
111
83
16
110
78
191
190
108
117
178
154
113
88
19
157
97
141
91
139
11
121
197
39
99
15
81
168
184
93
67
26
58
114
130
10
44
43
41
95
138
14
50
104
74
186
133
137
0
179
169
5
158
37
131
193
189
155
66
80
175
82
86
9
161
187
160
135
171
51
119
47
45
126
7
8
159
192
198
46
106
29
125
79
183
57
188
30
23
17
21
145
35
36
105
129