126
167
16
35
168
22
107
101
135
104
127
161
118
109
154
188
7
33
36
3
53
58
177
165
183
113
8
11
141
75
12
46
69
72
200
112
71
158
89
59
153
26
97
152
85
92
17
76
83
197
99
147
74
150
128
43
117
129
61
94
190
21
56
140
162
84
151
119
146
114
64
88
23
6
148
121
27
81
98
195
172
29
186
179
111
131
100
90
70
1
185
25
134
42
37
187
191
14
144
31
79
122
45
159
198
65
15
10
2
174
87
102
48
169
0
130
124
176
63
120
93
5
149
115
91
13
47
68
160
73
28
67
86
80
4
164
193
170
49
184
62
178
163
105
66
139
30
189
123
32
40
82
52
20
50
106
60
108
96
199
132
137
78
143
95
18
19
34
155
142
125
55
103
57
171
110
51
39
136
173
24
182
9
180
116
145
41
181
156
133
196
194
192
138
175
38
54
166
157
77
44