96
128
56
143
152
125
33
66
67
65
64
70
195
26
102
176
57
20
180
196
153
139
119
187
85
120
34
74
177
101
112
76
69
151
49
169
55
155
79
200
89
78
111
175
185
107
58
134
54
82
37
110
178
146
124
122
30
157
150
121
38
149
136
12
108
181
83
86
63
48
11
3
21
154
32
7
189
171
19
2
145
13
116
130
194
60
131
172
126
97
73
27
191
87
99
170
47
137
94
197
10
9
132
91
29
118
77
17
140
113
193
84
15
43
90
123
163
105
158
167
162
179
165
156
6
103
25
42
53
114
144
161
24
109
14
31
88
186
1
40
8
98
106
23
62
59
142
4
104
50
159
148
5
46
199
16
183
160
198
147
173
138
100
35
22
115
75
117
182
51
41
81
141
36
164
80
129
61
188
72
184
45
18
168
52
166
39
71
133
174
92
68
192
190
28
0
93
44
127
135
95