22
60
190
116
85
160
95
17
42
108
36
186
37
23
167
125
87
48
10
200
44
31
13
174
184
157
25
41
183
1
76
81
195
103
66
29
177
193
102
168
104
63
162
14
49
86
140
123
129
117
32
154
28
131
114
194
7
47
165
170
62
93
30
20
21
16
43
182
18
138
0
119
113
83
128
91
9
78
67
142
149
58
98
88
197
68
73
144
24
132
45
192
59
70
151
54
191
74
65
38
92
51
121
156
106
134
71
188
126
124
97
57
40
198
100
90
179
39
77
139
185
161
64
181
137
133
26
75
82
118
53
196
110
5
61
6
80
72
84
8
69
4
141
46
89
176
169
127
120
79
2
55
171
189
146
107
136
130
145
115
27
164
172
148
152
96
35
101
178
155
33
111
12
112
135
94
163
158
173
175
15
187
122
143
19
105
153
11
180
109
56
159
147
199
50
34
150
52
99
166
3