89
73
150
41
128
119
6
84
76
113
82
2
88
22
83
23
97
94
38
115
171
19
124
24
90
188
101
47
59
132
15
27
173
50
158
96
39
69
42
127
62
57
145
108
156
103
131
148
37
159
176
123
67
85
49
78
182
191
172
63
109
70
192
25
74
190
68
51
44
26
125
13
121
7
4
54
30
195
0
194
197
18
105
117
126
80
147
111
146
180
99
143
130
98
162
154
141
93
186
133
151
120
170
75
142
87
8
86
153
165
56
81
61
33
196
185
66
65
110
136
199
1
34
11
79
134
116
35
31
183
149
138
166
17
21
155
55
161
189
43
200
167
46
32
129
20
102
36
114
157
29
104
72
60
12
106
139
160
91
193
177
14
137
174
9
198
10
187
64
164
168
95
40
5
92
107
178
163
28
112
175
71
144
77
184
179
100
135
140
45
118
52
58
3
48
16
169
53
181
152
122