67
102
74
55
142
139
130
164
168
62
197
128
35
195
25
125
86
162
191
47
112
40
196
48
45
105
123
179
144
151
121
124
169
107
70
68
91
33
24
155
177
16
39
60
153
110
77
118
30
117
17
89
158
178
127
126
145
157
64
133
166
7
10
135
88
156
108
199
13
29
32
71
83
46
111
79
58
18
159
81
161
2
115
51
137
50
63
160
180
69
75
100
57
187
3
171
44
61
134
119
36
90
189
27
8
150
149
12
56
148
11
9
98
93
194
114
99
181
6
188
54
170
183
42
15
87
182
113
38
65
19
85
109
175
43
129
138
104
172
28
152
167
186
80
122
20
41
96
185
190
72
66
4
84
92
73
173
174
101
192
5
147
120
26
97
165
82
140
0
76
23
146
22
131
154
34
1
78
198
103
94
49
106
37
52
163
31
136
53
59
116
193
141
95
184
200
176
132
14
21
143