31
169
30
131
39
177
163
149
165
76
129
111
28
110
200
41
100
173
91
80
88
121
158
67
26
113
191
156
104
16
190
93
117
84
138
64
128
55
33
182
141
125
140
192
168
167
77
143
58
22
45
65
106
17
9
132
189
160
46
8
171
197
21
11
99
62
126
2
194
176
137
107
19
105
54
72
147
68
108
0
183
114
71
118
48
59
146
174
198
1
82
10
89
134
34
139
83
12
60
153
186
122
44
123
124
38
66
52
25
42
148
159
145
193
74
35
97
96
81
150
119
24
3
23
184
15
4
195
135
32
152
79
63
116
27
162
188
70
43
75
181
151
196
185
161
166
172
142
61
133
5
6
120
144
101
178
102
130
127
51
85
154
164
112
109
155
78
36
13
92
170
115
94
95
20
49
87
103
47
136
56
50
175
90
7
53
57
37
18
157
187
98
40
199
179
14
69
29
73
180
86