23
122
138
169
56
32
3
150
19
142
70
92
11
118
135
48
77
100
22
144
155
25
16
69
163
40
174
65
20
79
161
21
177
157
120
115
94
182
193
184
136
34
51
123
83
180
8
97
87
162
146
143
113
190
126
198
81
60
186
26
33
196
119
151
194
85
4
134
199
200
188
156
58
164
148
104
141
44
76
178
72
1
187
170
61
191
137
171
29
35
189
106
88
124
105
153
5
9
101
154
98
80
173
168
62
140
195
114
102
82
166
64
95
0
127
133
132
131
125
6
45
158
27
14
18
175
31
28
108
75
52
2
185
152
128
42
149
192
84
112
53
160
57
24
49
46
165
10
183
54
93
30
111
96
103
197
59
43
89
47
121
12
130
107
15
116
63
37
90
7
167
36
50
117
181
172
38
67
147
78
68
13
109
91
74
17
176
71
86
39
159
139
66
99
73
41
110
145
179
55
129