105
93
88
89
109
131
71
136
108
35
12
134
177
94
199
183
52
123
95
13
155
62
190
60
40
115
153
144
21
65
133
164
161
142
70
182
82
33
26
148
17
63
22
137
30
55
2
20
86
39
118
1
121
181
98
23
67
78
154
103
38
200
47
34
29
141
72
102
51
128
48
178
64
138
46
143
54
6
58
9
19
130
50
189
171
172
25
18
196
169
175
0
4
185
186
31
74
90
146
83
140
168
110
180
122
76
91
163
7
24
15
173
145
120
27
59
104
8
107
116
126
198
57
191
124
117
100
159
149
193
97
56
139
174
157
197
28
188
11
106
99
45
150
156
96
179
184
167
194
53
192
49
114
84
68
176
160
119
165
195
158
79
73
111
36
101
75
42
125
113
77
112
14
32
85
66
16
69
170
132
10
80
37
44
92
81
127
152
43
3
5
147
166
61
135
151
187
41
129
162
87