84
189
177
187
124
106
79
184
25
104
15
8
93
37
36
113
86
162
107
182
91
169
131
136
20
50
165
111
44
105
94
114
0
46
47
102
122
83
63
69
97
112
168
19
92
58
11
29
190
128
172
13
120
164
70
174
3
115
53
181
192
88
52
134
146
103
143
38
195
95
4
193
133
153
167
82
41
54
74
24
80
49
68
66
150
33
138
9
191
185
188
140
65
141
22
89
39
75
147
109
57
121
108
55
176
183
40
42
132
51
71
27
119
197
123
35
5
7
151
6
59
77
43
142
158
34
194
155
23
137
12
161
32
196
85
159
48
125
179
30
200
173
78
72
87
180
10
18
149
90
73
130
199
139
14
129
157
127
154
148
110
135
126
152
156
145
116
198
76
16
67
99
56
118
28
64
171
96
117
61
60
166
163
17
186
2
178
81
98
101
26
144
160
100
31
62
175
170
45
21
1