128
129
191
64
23
166
117
116
183
85
153
180
56
89
112
30
169
11
48
196
35
173
144
86
65
160
98
110
92
15
7
32
104
182
24
6
158
114
152
168
16
82
37
164
157
59
46
29
58
106
149
186
107
5
172
132
31
189
136
22
83
127
148
38
118
192
77
167
111
60
200
138
199
154
171
8
12
26
137
143
33
1
130
88
28
145
55
57
42
150
140
52
170
100
115
194
197
41
105
135
14
54
123
177
181
47
95
51
190
146
185
178
0
193
103
20
13
179
3
81
72
44
90
97
94
36
74
76
119
162
49
187
4
121
142
96
91
151
113
126
109
25
165
102
40
125
161
18
122
133
80
131
62
101
99
71
2
69
84
50
124
176
120
198
21
70
10
87
39
174
66
108
188
134
93
159
155
75
78
27
61
17
19
139
156
45
163
43
79
195
141
53
68
147
9
34
67
175
73
63
184