12
123
46
96
113
47
167
25
197
159
138
121
182
58
26
163
199
104
180
10
105
174
13
97
115
190
71
42
37
52
114
50
14
157
93
48
171
33
80
184
103
134
139
68
142
31
169
34
55
28
1
193
183
83
9
40
179
191
88
112
69
30
154
64
81
116
127
36
126
29
17
66
2
49
61
175
189
186
4
95
166
129
128
161
57
158
125
165
27
132
152
79
0
39
172
120
164
141
150
156
137
151
94
74
8
119
63
130
62
145
3
198
78
92
65
131
41
67
43
86
45
16
194
110
72
7
90
53
89
18
76
117
108
148
118
23
168
85
22
75
19
195
170
44
51
111
140
144
176
133
84
122
24
15
38
187
101
146
107
60
149
11
136
160
155
99
185
178
87
6
192
100
200
98
77
181
70
143
109
188
153
177
196
102
32
147
135
35
56
59
91
173
5
82
73
124
20
21
106
162
54