167
95
36
115
91
116
66
48
135
138
51
87
111
60
21
122
170
124
7
118
24
14
187
123
145
126
64
140
85
160
174
192
3
143
139
25
128
46
184
168
93
152
190
19
183
121
4
132
17
134
13
6
40
151
26
20
62
166
38
58
141
175
73
5
12
1
18
98
82
54
109
8
181
63
108
159
179
31
56
10
84
131
154
186
101
173
96
59
75
57
117
164
155
158
45
15
133
198
104
157
107
114
162
79
199
169
196
136
177
49
185
50
92
65
99
23
129
41
102
89
147
156
44
39
29
189
37
112
105
80
27
195
148
83
69
165
144
9
197
110
88
130
43
34
180
16
68
32
30
97
70
193
137
28
200
52
11
150
71
100
76
161
22
35
42
163
0
33
94
127
55
61
106
72
188
146
125
2
149
191
74
119
53
103
142
194
90
78
81
86
171
172
67
182
178
47
113
120
77
153
176