44
41
42
179
185
169
17
28
133
112
8
190
75
94
121
21
25
194
144
86
137
91
11
57
154
77
109
158
38
79
71
188
163
69
192
111
95
101
160
145
99
26
61
131
35
73
182
87
12
14
7
138
62
116
40
139
92
74
70
196
149
125
98
19
102
2
9
159
198
39
63
107
88
52
10
152
165
175
3
180
119
184
181
132
18
29
128
76
49
122
106
80
136
168
100
140
146
195
170
83
15
1
199
118
120
187
51
161
85
176
156
143
32
46
177
89
200
105
56
142
36
96
124
45
127
65
162
16
166
55
123
178
103
30
141
72
172
104
81
193
48
50
189
78
90
37
108
53
174
183
6
68
113
134
186
135
126
167
31
64
24
84
82
34
47
22
153
23
43
54
114
130
148
117
58
164
150
173
97
110
155
4
0
171
20
59
27
191
129
5
60
93
67
197
33
66
13
115
151
157
147