186
179
151
26
198
10
59
157
15
33
178
95
42
131
159
93
39
149
32
195
194
50
7
108
168
199
41
11
114
177
70
150
89
20
132
22
88
5
45
51
34
124
35
14
58
188
135
12
176
158
155
2
113
1
153
110
48
96
21
117
145
140
137
133
65
19
121
13
193
187
102
200
94
87
99
79
30
196
40
160
80
90
183
97
57
129
156
56
0
52
182
43
109
38
64
29
175
54
161
85
141
148
23
116
171
16
71
74
167
120
139
77
75
69
185
17
84
107
169
189
73
3
101
4
163
126
134
27
46
8
36
180
166
24
118
164
105
44
173
170
138
62
63
61
162
197
83
28
9
184
122
146
31
78
47
144
172
66
49
128
106
136
111
55
82
174
142
81
115
76
60
123
98
154
152
68
25
92
91
192
130
6
165
181
103
125
112
67
37
191
127
86
72
190
100
143
119
104
53
18
147