195
78
89
51
17
72
139
44
23
36
194
18
52
104
37
167
83
82
156
149
142
96
2
134
46
122
114
25
143
168
137
1
146
105
39
13
3
38
171
32
108
100
180
182
124
63
177
86
192
15
92
26
132
165
191
128
66
186
73
7
8
159
188
79
150
133
174
16
65
106
110
148
56
42
49
77
68
20
4
164
126
64
40
22
153
129
85
135
176
30
131
173
14
29
31
5
196
199
172
54
76
119
41
97
160
112
144
75
93
151
123
154
125
161
163
158
130
178
70
162
94
58
48
88
21
9
45
24
138
109
185
34
27
11
95
121
117
33
103
116
193
6
136
179
118
90
197
80
175
47
74
145
91
50
43
113
141
157
189
101
127
61
55
12
184
181
183
60
111
102
98
53
28
170
99
87
84
10
190
71
155
147
67
57
81
120
19
107
187
69
152
140
59
166
200
169
115
198
0
35
62