64
104
165
150
30
81
19
190
120
83
63
159
105
61
134
74
86
24
3
114
21
186
143
54
152
5
136
41
166
131
149
47
97
72
51
50
183
60
189
141
76
2
121
113
107
163
25
162
8
110
103
112
1
69
187
173
33
46
39
172
99
194
155
123
177
127
49
157
20
7
126
45
192
38
67
44
176
15
180
167
178
116
175
13
35
90
87
14
9
148
29
10
185
40
52
65
108
56
106
139
26
199
132
179
6
28
158
171
80
130
84
125
197
23
4
100
73
128
137
88
79
98
135
191
58
181
182
43
193
57
91
22
122
11
27
78
145
129
94
164
12
161
115
170
153
156
18
37
55
59
96
174
169
133
85
119
138
195
109
140
147
160
62
198
146
82
95
89
117
101
93
111
144
42
118
34
77
154
16
36
102
70
68
32
75
0
92
31
53
151
184
48
188
71
17
196
142
168
200
124
66