142
131
12
106
11
167
185
197
16
172
126
170
95
30
157
113
118
21
179
40
34
5
43
3
60
97
175
116
4
9
129
151
154
72
189
49
51
166
62
77
50
163
65
191
46
176
25
196
41
26
102
162
17
182
52
1
178
15
42
94
101
93
136
130
35
76
148
83
198
91
61
124
127
107
161
143
71
20
177
55
134
66
122
173
2
68
79
29
90
146
168
121
140
88
100
8
44
155
174
119
33
48
74
123
160
108
89
188
193
115
200
103
81
138
184
36
192
24
104
195
117
147
82
109
150
183
23
96
110
57
0
153
75
125
114
10
32
18
64
111
27
171
67
7
128
98
80
181
53
141
105
78
14
99
112
69
84
86
145
31
56
165
19
152
6
158
54
144
133
70
63
22
87
135
190
199
194
39
28
85
37
58
120
139
164
159
180
169
156
132
47
73
149
187
38
92
45
137
13
186
59