103
35
129
52
179
116
99
177
124
87
55
83
71
16
174
53
140
184
130
148
118
151
175
157
69
180
96
18
4
125
24
67
36
3
42
39
47
169
121
50
98
22
63
77
154
122
6
100
79
178
34
197
11
61
107
8
40
168
199
70
10
30
44
139
137
76
14
88
0
58
153
60
170
64
196
57
27
145
90
187
2
108
182
15
146
156
110
173
86
143
165
155
149
5
171
92
19
119
43
17
33
172
109
54
120
85
163
25
162
82
186
66
183
194
134
93
147
91
78
190
176
21
1
81
128
41
51
12
84
46
68
94
59
142
189
29
32
26
195
150
97
28
106
133
20
185
192
191
200
73
7
49
160
198
101
126
131
80
105
89
138
62
144
161
193
72
113
132
166
136
188
164
95
159
56
65
31
152
141
102
23
74
112
45
9
104
167
115
181
158
38
135
123
48
117
13
114
127
111
75
37