57
166
72
54
155
105
73
120
38
35
159
45
42
85
52
141
150
29
47
15
100
145
96
98
184
7
179
81
162
193
66
4
78
186
64
174
26
121
181
43
106
146
8
109
110
127
76
151
77
12
200
95
175
50
55
185
21
94
53
83
68
160
142
191
60
118
13
124
199
70
34
46
80
147
148
27
61
87
22
192
92
152
177
180
113
82
1
28
123
138
144
117
24
114
23
84
178
133
163
11
74
183
19
37
103
129
169
165
198
71
131
187
25
90
153
143
101
182
195
188
93
108
128
2
75
91
69
115
154
164
130
137
134
158
17
136
167
189
194
111
86
149
172
32
161
79
125
67
44
116
30
58
119
20
170
33
139
31
49
0
5
157
176
97
89
3
88
132
14
59
65
62
63
173
18
156
171
197
10
56
99
102
40
48
39
51
36
16
6
126
196
107
112
135
140
41
190
104
122
168
9