127
78
18
39
106
77
143
199
178
162
36
179
188
102
50
45
150
87
128
172
20
85
158
144
173
151
167
49
61
64
112
74
89
8
122
171
170
41
72
125
135
174
95
1
180
141
97
81
53
29
130
69
192
56
117
133
62
187
16
32
194
154
147
101
104
68
139
99
73
14
26
92
66
110
0
31
6
43
84
76
116
126
100
163
23
120
83
109
118
124
86
17
185
42
131
186
190
153
177
129
13
123
82
35
136
80
30
38
181
121
9
75
146
164
148
22
10
108
37
189
149
67
27
11
198
5
103
140
70
119
94
138
52
57
137
157
24
159
105
193
12
47
183
165
168
3
166
15
71
28
176
65
7
195
115
2
134
34
25
21
113
114
79
59
58
155
4
63
156
96
48
98
182
90
33
60
40
107
145
196
51
111
132
184
200
142
175
88
46
54
91
55
161
197
44
152
191
19
169
160
93