81
178
136
115
187
128
94
74
118
176
197
117
36
19
126
22
45
120
108
9
4
193
186
174
134
129
1
130
104
82
109
27
190
11
76
20
38
91
147
51
80
14
167
166
188
107
145
72
57
173
50
64
159
150
55
24
101
138
92
177
8
49
33
160
196
158
137
168
113
59
30
15
183
41
191
43
3
116
199
119
198
102
16
39
99
184
164
135
86
155
23
40
194
83
17
165
84
142
172
0
180
47
124
148
88
192
95
42
195
189
146
62
32
93
200
29
151
170
63
54
100
127
66
96
44
141
110
68
171
13
5
112
123
53
175
169
7
60
37
10
143
162
56
98
71
12
90
122
79
140
153
46
182
121
163
105
69
161
70
65
52
106
34
157
26
152
131
154
78
25
185
21
35
133
58
6
144
31
114
28
156
18
181
67
77
103
179
149
73
89
139
111
85
87
48
2
97
132
61
125
75