70
194
164
94
20
60
48
156
121
93
22
64
31
117
165
32
139
160
39
36
29
107
167
145
15
114
112
63
108
153
113
8
37
17
30
57
71
161
159
126
12
16
83
180
173
158
197
90
5
168
138
125
7
42
56
85
182
102
110
144
152
96
134
19
143
186
191
172
50
9
192
55
78
69
116
185
59
130
51
53
123
84
166
66
199
101
3
24
62
157
28
14
88
132
100
13
109
86
21
54
128
137
148
118
82
154
26
115
171
187
74
188
2
106
198
135
141
41
177
193
49
91
120
80
67
150
73
196
23
184
95
38
99
6
181
149
147
146
174
133
119
175
35
87
27
155
131
89
65
1
0
10
190
97
104
68
92
79
58
151
124
129
195
18
33
140
179
105
46
178
163
52
72
162
189
61
77
183
11
44
136
200
34
142
25
169
40
47
176
111
127
4
170
75
76
98
81
122
45
43
103