191
7
65
90
128
54
35
4
152
131
103
116
140
34
89
73
150
167
156
114
137
60
39
162
193
63
145
79
64
155
196
3
20
119
17
15
86
105
55
148
2
19
120
21
184
154
109
147
28
179
59
172
165
169
38
32
49
108
46
43
157
48
72
141
117
159
50
87
82
99
36
61
14
42
25
123
62
199
182
146
53
161
68
51
67
144
23
85
107
27
186
188
124
77
22
173
106
83
163
164
122
95
190
78
47
110
92
37
71
129
142
1
127
115
189
118
16
11
18
197
97
139
45
100
44
160
175
168
198
132
133
138
52
41
29
88
6
80
69
10
24
26
166
170
91
101
183
181
57
111
195
13
200
171
75
151
121
194
56
112
113
81
12
94
143
74
104
176
66
96
98
84
185
126
93
70
180
149
158
177
192
178
174
40
153
136
8
0
134
31
125
135
58
5
130
187
30
9
33
76
102