187
26
49
191
100
63
3
189
15
56
167
31
174
90
98
112
72
20
154
130
12
2
135
80
142
101
76
33
103
69
129
34
152
13
151
198
83
40
177
158
44
175
58
150
146
194
5
121
35
161
38
141
84
110
178
51
46
172
133
190
117
92
166
116
149
16
197
4
95
71
140
159
41
27
66
182
120
32
21
89
28
68
78
22
67
8
93
156
39
14
29
127
144
99
147
25
132
81
136
181
183
1
24
105
65
96
165
188
192
73
162
173
62
23
125
37
111
137
179
122
153
60
102
196
86
148
123
64
18
48
88
75
10
87
91
134
200
170
186
82
30
42
164
57
94
180
36
126
114
43
45
59
70
17
155
77
128
160
19
163
115
52
131
138
108
107
139
199
85
171
79
11
169
106
185
61
113
55
145
104
47
176
6
193
195
53
0
109
54
97
119
184
157
143
50
124
74
168
9
118
7