61
48
190
150
133
122
22
159
157
156
28
64
30
200
160
117
195
146
9
154
68
74
152
142
23
170
161
46
179
19
63
34
49
166
139
38
188
155
193
41
134
58
36
86
178
198
176
43
184
59
62
112
124
78
97
148
77
18
105
92
173
136
51
100
31
115
125
130
182
181
60
119
143
33
192
21
8
145
118
197
137
90
2
79
4
107
116
88
72
123
84
149
165
54
53
153
175
126
132
174
167
39
44
144
29
87
3
26
101
102
147
120
82
35
162
113
110
11
16
164
57
93
104
138
17
7
186
183
32
10
199
185
24
13
127
114
191
187
128
129
50
189
55
69
135
180
76
109
140
194
73
99
196
40
131
52
106
85
71
27
151
91
103
20
89
14
42
25
45
15
83
163
6
66
98
65
111
177
95
80
0
94
67
47
75
81
96
1
172
70
56
108
5
158
12
141
121
171
169
37
168