50
53
143
103
51
109
122
193
133
125
38
177
57
6
127
102
89
30
184
76
23
97
163
199
149
19
71
45
114
34
13
194
111
40
154
200
188
144
189
74
105
5
78
81
145
129
79
63
29
168
124
58
47
1
136
86
116
90
75
28
198
191
140
56
92
95
148
134
96
183
101
123
120
85
169
70
33
179
59
98
141
62
88
164
77
73
64
196
66
31
146
25
46
195
121
180
119
155
0
44
82
138
21
192
80
49
167
7
16
187
68
108
104
185
166
52
9
171
117
147
93
69
175
158
107
84
10
72
17
173
91
160
106
55
83
65
128
137
15
20
132
18
11
8
26
3
181
126
197
14
176
39
162
182
35
151
153
142
36
27
156
54
130
42
135
170
67
110
100
43
41
161
48
37
2
32
61
87
139
4
60
152
178
24
159
12
165
22
157
172
118
113
99
112
94
150
131
190
115
186
174