32
152
171
176
191
122
142
192
72
19
43
38
124
101
140
80
62
91
83
134
2
149
160
119
180
14
159
95
178
154
200
103
168
106
196
4
6
89
51
96
77
185
113
111
31
121
100
42
36
197
105
59
92
27
67
186
82
123
117
155
21
163
49
5
48
126
167
120
174
53
195
135
98
39
22
90
73
102
131
78
170
17
190
179
169
46
137
138
156
129
158
25
85
34
128
3
136
182
188
81
44
147
97
84
108
177
87
141
61
23
139
145
157
0
184
133
50
10
65
116
172
161
109
54
115
194
57
112
24
94
64
107
127
148
47
181
153
28
125
40
143
99
75
175
104
58
198
165
26
20
199
60
13
86
8
130
16
93
55
1
18
69
88
110
183
45
164
15
162
33
71
12
146
132
9
173
189
193
79
41
11
66
7
37
118
114
187
52
76
63
56
74
150
30
70
166
144
151
29
35
68