17
69
142
156
150
55
102
153
182
49
100
120
167
21
15
127
193
165
58
8
39
172
195
0
190
93
109
59
106
33
87
53
198
52
78
46
32
177
85
125
67
162
36
98
45
144
74
184
57
140
133
40
173
170
92
134
164
121
41
75
20
56
35
80
104
122
185
189
176
83
11
196
27
38
54
141
166
199
1
66
70
149
10
82
14
116
136
79
138
145
128
110
101
51
48
96
194
163
179
99
88
24
112
19
180
44
114
95
131
65
139
154
29
37
90
118
71
192
28
129
159
147
117
68
73
18
42
31
23
108
12
143
30
94
186
146
7
119
43
26
187
124
157
25
126
148
191
97
197
105
62
13
161
76
168
84
174
77
115
107
86
5
200
91
3
9
61
155
60
169
6
89
63
171
47
152
2
72
181
160
103
64
175
183
137
16
132
151
113
178
135
50
111
34
22
4
158
188
123
81
130