165
56
195
11
32
143
100
39
102
87
198
50
152
84
170
199
149
5
104
4
110
72
139
62
42
106
113
134
28
85
184
29
30
40
151
89
9
103
114
144
188
124
45
47
130
138
148
181
190
37
69
12
31
86
14
161
167
21
36
194
7
107
88
180
129
192
189
160
73
17
58
122
154
140
177
15
111
133
123
168
162
20
200
187
70
65
109
157
101
169
92
61
141
116
176
3
77
115
1
120
18
117
135
63
142
193
48
186
64
171
155
127
52
26
93
46
146
33
119
25
67
174
49
79
24
150
136
145
55
173
82
191
44
41
179
0
95
53
76
2
90
158
132
121
137
23
68
34
43
13
178
105
75
118
59
182
81
91
159
112
27
183
10
8
16
98
99
153
172
128
51
156
74
97
163
175
78
80
83
60
38
22
54
19
96
71
57
66
131
166
147
6
126
94
35
108
185
164
125
197
196