102
119
118
146
152
144
82
123
70
172
117
96
35
40
58
98
196
44
155
79
104
41
124
176
199
27
194
55
39
108
51
184
140
141
65
9
17
63
54
105
61
166
179
101
47
49
164
57
175
13
122
149
128
46
197
136
84
22
133
129
32
88
21
132
68
139
193
23
173
83
18
5
91
33
137
87
81
182
62
100
121
161
177
195
156
48
90
103
28
10
109
67
126
50
80
25
127
30
38
24
99
110
120
125
142
134
188
181
191
180
162
167
20
60
78
7
163
93
151
36
71
75
111
198
183
72
0
12
157
130
154
171
42
85
189
200
158
116
64
190
145
15
113
148
74
192
138
185
29
106
115
52
6
165
77
97
53
3
2
147
131
19
186
159
45
73
169
135
16
160
8
178
56
112
114
76
31
92
59
107
11
174
69
1
94
143
86
66
168
170
37
153
89
4
95
187
34
150
26
14
43