70
82
7
0
197
101
62
92
25
167
196
195
49
48
104
123
60
116
200
4
35
57
155
111
22
118
44
45
80
11
90
136
194
186
134
178
27
127
29
14
184
71
138
183
88
147
83
58
149
151
5
73
12
114
64
113
172
81
96
16
74
77
55
170
106
34
23
2
185
115
128
103
21
124
26
190
141
18
98
24
129
144
143
160
192
150
69
117
38
32
142
65
182
140
176
99
139
132
15
119
13
152
76
1
97
40
19
110
125
193
187
100
158
75
56
181
148
6
121
157
159
39
91
85
30
162
9
135
102
191
54
112
146
63
130
164
199
8
177
131
31
86
46
79
33
189
93
168
173
109
95
72
41
156
84
122
145
137
47
120
37
169
3
59
198
67
94
53
66
52
43
126
165
68
179
174
188
20
89
51
108
78
154
153
17
163
107
175
180
166
61
28
87
105
42
133
161
10
171
36
50