78
76
186
192
174
20
5
162
61
127
190
187
193
6
104
142
158
90
21
99
131
110
195
165
67
129
48
156
93
89
106
12
40
22
39
80
70
160
37
71
161
53
19
199
103
135
54
57
47
23
182
63
43
28
191
178
55
36
85
107
177
120
96
69
145
181
58
126
153
98
200
82
188
45
1
51
25
146
9
128
24
133
105
150
81
159
35
168
11
122
116
111
113
152
140
42
14
184
33
141
94
196
72
74
117
170
79
143
92
38
132
148
59
13
130
68
114
3
77
16
66
15
134
101
109
65
183
100
95
155
175
44
151
138
118
194
172
173
189
32
180
179
86
115
73
112
97
163
8
30
84
144
108
125
197
46
7
91
119
17
164
171
26
41
87
56
75
198
185
10
60
88
62
176
137
27
147
52
149
0
49
102
29
4
64
169
166
167
121
157
136
18
154
31
50
124
83
34
2
139
123