20
91
52
193
90
192
99
96
160
18
2
115
22
143
135
79
165
6
11
158
149
140
29
26
119
17
187
4
142
145
45
112
70
10
67
30
0
116
184
104
113
40
101
125
19
189
51
174
155
82
129
41
137
194
151
111
34
176
156
110
12
121
171
191
170
9
25
147
133
122
27
97
132
55
141
69
35
185
198
168
39
166
169
175
57
118
71
72
73
150
195
117
46
16
126
48
114
49
87
186
58
21
128
1
59
134
53
80
60
177
56
130
199
103
102
139
81
38
31
180
157
15
197
89
85
13
50
163
178
136
100
75
196
8
65
124
200
95
181
74
144
63
66
148
138
108
98
153
3
36
107
24
173
152
92
105
7
64
42
28
68
76
78
61
154
182
146
54
164
106
162
37
77
109
131
161
83
43
86
33
159
47
127
188
88
23
94
120
183
172
5
32
123
190
93
14
44
84
62
179
167