68
77
145
63
143
166
186
169
15
189
74
136
147
30
8
109
146
88
117
23
57
19
34
110
111
7
121
39
52
44
133
131
1
100
53
122
48
151
73
21
123
92
162
125
11
101
3
10
69
149
195
103
6
184
181
170
141
14
159
59
98
102
154
54
2
200
179
167
174
76
153
93
180
164
85
13
113
37
33
114
17
127
51
107
97
94
82
124
35
108
177
81
112
185
32
99
183
29
182
60
96
130
199
148
175
46
67
66
163
194
42
119
155
9
28
188
172
126
80
83
5
55
38
65
78
47
165
104
75
132
106
62
20
198
193
139
40
118
190
56
142
49
16
196
43
135
4
36
161
89
72
134
0
129
192
197
105
22
71
70
25
137
86
120
24
27
168
95
50
171
140
12
26
79
156
150
41
31
138
61
115
178
58
173
152
144
157
160
18
158
45
128
84
176
116
87
64
191
90
91
187