173
127
47
82
189
83
178
199
131
102
183
134
70
8
69
114
23
93
59
19
176
1
36
145
158
161
140
105
126
182
198
193
195
0
16
62
157
78
116
142
12
41
159
6
137
133
121
7
9
13
187
147
43
80
42
85
152
40
110
49
50
63
155
22
56
51
166
95
90
98
171
185
5
44
180
136
120
84
115
52
28
175
109
141
21
188
17
164
30
37
60
163
88
168
100
181
162
179
27
200
73
184
58
113
48
128
18
156
25
31
29
174
34
76
124
112
81
26
66
191
65
33
153
106
117
132
15
14
35
96
2
103
160
32
150
172
122
125
68
53
119
86
71
45
111
38
10
139
197
24
89
165
46
99
170
72
149
144
146
92
4
94
154
107
118
11
55
79
130
54
64
104
87
3
77
138
167
57
20
74
67
39
75
148
192
91
129
196
190
97
143
151
194
135
177
169
108
101
61
186
123