37
174
30
165
103
19
110
136
36
78
90
60
69
84
5
152
140
40
97
61
157
154
47
113
64
149
120
94
168
156
129
144
108
29
134
159
141
53
151
178
128
179
82
116
74
38
49
76
109
148
33
173
106
28
125
199
191
16
58
21
71
132
100
3
176
187
138
62
193
83
172
25
105
85
15
89
92
143
180
95
198
43
147
197
102
186
133
54
32
27
13
35
162
192
150
135
112
130
118
101
73
72
50
77
145
44
41
56
196
67
1
181
24
51
91
139
107
160
70
31
18
104
131
12
183
42
158
164
22
121
79
126
115
127
0
45
137
93
86
8
55
169
142
119
10
81
182
87
98
111
188
123
189
170
7
52
185
34
167
190
17
11
48
9
68
175
195
122
96
57
200
124
99
63
88
155
177
117
14
6
59
146
20
46
66
194
75
166
65
26
80
4
39
163
23
2
184
153
161
171
114