66
114
50
15
199
174
42
165
136
58
35
161
170
31
55
134
147
180
64
43
8
191
137
61
54
32
172
186
138
185
80
77
146
152
107
195
163
193
33
177
71
181
153
173
167
151
49
84
44
87
184
29
125
53
36
129
187
179
139
92
97
188
149
124
101
46
13
19
45
118
171
132
60
108
26
76
96
56
25
194
73
196
176
72
2
142
40
127
157
148
131
164
28
41
190
192
106
12
70
1
47
115
117
120
7
0
93
104
99
110
86
113
133
175
83
20
130
123
141
158
169
109
197
145
111
10
82
14
81
52
105
98
18
159
34
90
89
39
23
135
119
16
21
57
103
100
143
155
63
189
51
27
30
116
178
68
9
183
102
67
112
200
62
122
75
160
4
5
121
78
85
182
162
154
11
168
140
38
17
144
126
3
150
79
88
69
48
22
128
74
94
95
24
6
198
156
59
166
37
65
91