194
93
160
75
86
42
91
167
115
96
193
135
162
137
10
143
112
34
32
3
88
169
200
142
134
19
79
31
122
145
182
61
147
178
183
105
155
186
118
28
62
119
48
116
37
56
192
72
84
197
114
175
136
156
128
170
99
151
107
108
69
57
6
65
163
172
110
13
8
59
11
123
195
102
144
55
133
165
130
198
14
12
146
46
5
132
104
49
140
164
125
129
158
68
89
16
64
157
180
27
67
85
117
171
58
149
35
179
124
153
73
70
95
4
98
82
139
30
131
2
18
47
51
181
20
189
45
9
7
152
166
187
177
188
54
101
103
63
29
92
111
1
80
173
52
190
81
60
39
141
196
154
191
50
15
161
22
121
176
25
23
109
127
113
87
33
83
184
185
0
36
53
100
74
17
174
148
150
77
120
71
126
24
78
21
38
106
66
41
199
159
26
43
40
90
168
138
76
97
44
94