173
46
192
70
101
16
122
60
63
180
171
121
108
188
168
138
149
166
111
83
80
193
148
128
33
182
93
141
154
82
76
62
100
25
159
1
140
115
158
74
130
152
64
40
186
75
194
167
73
86
184
143
112
50
8
78
65
126
42
163
153
91
10
61
20
124
127
77
24
84
79
99
105
19
17
175
29
197
177
92
90
27
13
187
35
139
146
199
162
66
37
176
102
11
38
23
155
161
69
41
51
5
55
85
43
109
190
195
30
172
89
34
144
58
95
96
120
157
68
103
3
4
7
117
28
87
52
54
191
135
170
0
21
72
36
6
2
131
107
147
181
44
183
53
196
110
14
15
59
160
12
114
9
145
32
200
179
156
26
129
137
134
67
94
169
71
47
31
106
18
57
174
81
189
88
185
116
56
123
39
178
113
119
150
48
151
118
136
132
104
142
165
45
125
133
164
22
198
98
97
49