167
107
23
160
147
154
171
117
80
86
121
140
116
94
190
110
15
89
165
185
138
26
96
148
31
135
63
33
144
21
6
38
51
162
28
183
127
16
150
57
78
173
189
109
13
76
0
145
105
83
68
101
149
118
90
30
81
12
123
47
146
139
2
4
72
163
20
18
106
158
34
137
5
133
42
52
75
115
177
79
40
108
53
122
153
45
54
119
41
126
151
187
65
102
172
180
62
141
197
128
184
157
114
73
60
143
59
11
71
166
36
159
130
169
48
161
199
95
9
200
39
132
191
174
74
61
77
25
49
152
178
46
66
29
35
37
43
188
64
155
192
8
93
98
87
55
196
103
24
198
82
193
111
67
56
113
142
186
125
88
104
50
182
164
156
129
136
92
10
44
22
181
85
99
7
14
134
84
3
27
32
176
112
179
1
17
124
97
19
100
170
91
58
168
195
175
69
131
120
194
70