87
22
136
83
124
56
0
149
139
90
12
163
7
47
48
128
1
183
89
193
27
37
101
192
9
39
50
117
21
123
16
71
130
155
169
96
144
95
68
6
137
14
110
181
80
94
32
36
61
15
174
102
142
20
99
114
191
185
69
92
165
138
67
107
186
135
43
200
17
49
134
198
73
140
24
13
66
4
133
112
151
70
118
167
86
35
132
31
173
125
79
177
59
75
111
3
53
34
97
146
166
65
147
195
168
63
104
2
100
152
55
57
45
162
164
170
188
103
143
105
156
122
54
190
46
176
93
51
189
106
180
77
199
91
74
88
26
127
148
160
98
5
171
113
38
11
120
178
72
153
82
42
29
121
196
62
64
154
60
76
150
157
30
129
109
187
10
175
81
172
85
33
182
161
58
40
84
18
41
145
119
78
44
141
197
28
179
25
115
108
158
19
159
131
116
23
52
126
194
184
8