134
60
49
89
57
81
101
139
48
40
184
88
66
9
110
45
8
1
163
93
173
160
156
52
70
63
159
95
39
14
10
74
64
152
6
20
136
90
35
121
37
92
79
172
59
71
54
11
82
171
5
33
106
155
137
116
133
58
135
196
0
41
29
158
182
129
166
102
23
186
161
94
51
25
87
193
111
62
46
124
188
176
140
177
99
104
36
97
132
127
31
50
150
149
118
190
120
3
44
2
185
153
107
42
200
192
47
73
15
12
175
18
56
28
7
169
147
123
165
24
174
128
13
69
100
19
32
75
154
112
191
117
65
21
61
183
141
30
105
194
85
145
144
148
122
179
151
86
125
113
157
26
146
76
78
96
131
195
67
164
115
181
187
119
17
143
83
84
189
98
22
72
91
27
180
199
130
16
68
138
109
170
80
38
142
162
198
77
167
55
178
197
53
43
108
114
168
103
4
126
34