128
121
46
59
15
133
23
101
44
123
129
183
158
54
136
11
188
90
137
138
146
122
115
66
29
42
194
166
167
190
104
174
30
62
99
100
81
96
113
141
77
10
28
7
32
161
171
126
16
152
68
92
95
112
50
47
107
110
119
14
26
109
63
149
127
80
180
142
41
153
144
151
35
65
164
111
198
159
70
53
179
40
75
56
38
168
67
176
55
106
191
18
124
181
117
82
130
155
200
185
97
88
184
3
125
170
195
71
43
187
73
79
150
177
19
118
154
143
162
102
132
134
156
114
58
157
57
8
91
135
64
27
85
172
98
165
178
86
84
36
34
87
49
2
186
51
13
105
147
94
6
148
140
61
131
74
169
1
193
72
93
48
5
22
197
160
189
182
60
45
108
21
39
78
103
89
20
37
139
173
116
12
120
69
83
25
163
52
76
199
145
17
4
192
9
0
175
196
33
31
24