22
181
85
174
56
58
8
109
67
52
19
131
140
29
176
28
54
192
89
159
167
177
200
96
93
5
102
24
151
51
72
91
45
84
10
2
148
60
122
100
36
104
173
185
66
128
38
162
90
49
76
179
99
158
17
190
1
114
145
27
143
142
14
147
75
166
70
53
132
187
9
168
137
88
0
126
23
30
106
64
154
86
6
130
165
83
183
172
136
150
94
124
118
153
107
73
108
63
117
111
105
144
125
41
55
4
139
112
34
68
146
180
182
135
16
21
65
127
48
191
98
196
35
40
123
92
43
18
95
13
79
175
110
103
31
3
47
129
32
80
26
37
133
189
156
115
134
188
57
138
87
46
69
25
121
141
33
97
20
160
74
157
11
184
120
169
59
81
195
82
78
152
101
62
44
42
198
170
61
199
186
178
71
7
149
113
193
197
39
171
119
164
163
116
50
161
15
155
77
194
12