8
184
147
99
14
156
120
15
86
186
0
151
26
164
63
20
39
75
165
145
65
138
77
33
78
178
88
191
82
124
50
111
66
49
84
167
146
135
34
107
10
94
101
27
60
193
157
30
96
129
62
196
28
188
162
12
17
141
159
72
5
192
134
144
116
195
2
13
55
21
174
189
176
115
29
200
163
180
67
79
73
112
172
168
102
128
160
74
158
91
4
110
70
109
83
121
148
36
58
71
182
169
81
197
181
125
47
173
131
106
16
123
103
170
126
6
98
92
104
3
9
108
187
143
194
119
61
185
95
45
142
35
153
37
199
51
150
114
41
68
105
154
130
18
38
19
24
44
152
48
177
166
80
11
117
161
31
87
90
136
155
183
53
32
23
93
89
118
25
57
7
175
127
22
113
43
69
122
52
40
85
54
149
190
171
100
59
179
139
137
132
56
46
97
42
133
198
64
140
76
1