116
176
48
118
2
148
98
55
96
22
128
158
183
166
51
167
40
189
185
197
146
91
105
195
76
52
173
188
142
143
103
132
123
149
36
58
42
162
100
136
155
198
181
159
68
30
99
78
53
69
129
102
83
9
84
89
112
135
134
182
24
49
82
109
44
126
120
62
106
79
174
29
5
19
60
71
72
87
125
178
59
177
169
138
164
104
41
114
66
13
11
171
20
14
180
31
32
108
175
63
93
28
170
0
101
74
4
10
90
35
119
86
94
16
1
97
152
67
115
33
151
54
111
95
65
165
70
168
73
75
172
6
122
56
12
21
192
43
17
15
64
193
133
117
27
127
156
187
80
157
47
200
107
184
85
57
163
144
150
196
160
147
37
3
139
154
38
131
45
8
130
199
50
77
26
110
190
191
7
194
61
23
113
81
34
137
18
39
88
161
186
140
141
25
179
92
145
46
124
121
153