125
15
78
184
48
193
166
176
120
141
79
6
198
10
138
127
28
119
88
194
29
90
168
80
39
183
61
0
155
75
69
175
71
185
158
132
7
167
189
56
160
33
154
114
76
92
89
14
84
187
63
47
147
30
44
121
20
151
53
179
106
108
136
159
72
36
50
55
130
196
163
43
22
190
161
112
17
124
85
131
18
16
19
139
25
4
191
11
162
122
52
170
188
171
38
34
164
2
192
46
195
180
186
68
103
83
13
21
77
137
98
59
111
41
135
199
117
94
200
113
3
24
42
91
109
115
149
82
64
157
73
126
181
150
145
165
107
172
58
51
123
169
182
97
70
12
54
35
37
60
104
49
116
146
177
99
26
197
148
27
62
133
102
96
174
143
95
23
153
1
144
65
8
67
156
74
40
140
32
152
5
134
86
110
105
101
100
87
118
66
93
9
173
81
178
129
57
45
142
128
31