66
183
43
83
6
176
141
55
35
69
85
128
154
57
171
191
194
158
152
4
64
119
111
139
109
195
185
163
106
48
199
33
63
23
161
80
68
172
151
140
24
160
123
133
17
58
143
121
129
82
187
86
98
120
93
181
165
81
196
53
105
173
97
47
65
96
10
1
134
193
103
42
39
87
132
135
77
52
92
45
26
44
169
186
74
149
127
189
148
112
27
159
153
13
188
162
14
8
91
184
164
155
179
122
115
200
146
79
118
60
110
15
100
61
21
36
3
125
71
137
31
28
7
192
177
62
136
170
40
126
16
142
19
59
54
38
116
20
84
175
117
104
41
144
147
168
12
145
49
22
9
30
197
180
25
76
11
0
46
138
124
75
72
102
166
34
70
174
5
78
99
37
95
178
73
2
94
101
113
107
56
190
108
67
51
50
114
88
167
157
131
89
90
150
18
130
198
156
182
29
32