149
198
60
178
129
199
21
107
25
118
98
111
196
89
36
101
31
30
42
112
146
119
122
86
14
78
132
39
95
104
62
158
49
50
52
165
54
88
174
159
167
12
17
115
32
135
128
161
124
79
84
120
46
193
70
176
114
20
164
13
113
109
157
11
2
64
27
194
169
44
184
154
34
48
43
56
180
10
47
23
4
148
156
143
139
110
131
125
140
75
155
15
45
8
138
71
29
127
145
5
150
130
65
16
87
185
92
73
22
82
179
99
173
187
76
141
19
181
102
166
77
189
68
182
66
200
195
136
90
58
81
168
93
9
37
153
172
121
171
197
133
1
94
106
69
83
80
3
35
160
72
192
91
100
163
57
170
61
7
188
103
151
63
183
0
186
105
18
142
116
191
38
175
41
144
126
96
51
97
40
147
177
53
190
24
108
59
117
74
85
67
134
55
123
162
137
152
6
33
26
28