172
16
0
8
112
69
1
78
164
165
151
67
122
127
58
169
50
52
125
73
6
31
40
100
102
83
161
34
7
80
198
117
178
35
192
103
44
46
170
171
30
38
54
155
51
23
60
104
32
167
200
181
96
143
48
179
63
74
153
5
168
150
189
85
195
76
79
28
131
19
90
26
141
184
118
119
55
139
39
21
182
191
123
136
107
101
156
43
24
86
91
64
187
88
9
160
109
13
72
14
70
95
129
45
113
56
134
128
82
154
194
108
41
148
120
57
59
27
158
93
10
116
65
2
137
68
186
71
173
97
197
105
124
84
81
121
37
87
11
180
175
157
110
77
133
166
61
94
142
20
190
188
18
15
111
106
149
25
138
17
163
135
176
159
75
146
114
199
183
185
126
22
36
4
130
49
12
47
53
99
147
144
196
62
98
66
140
145
177
162
115
174
3
89
42
92
132
29
193
33
152