143
150
153
114
108
52
164
125
168
177
188
10
83
53
13
74
79
161
78
139
27
184
36
64
41
148
2
103
174
68
123
28
4
19
120
101
189
94
136
8
20
138
16
182
24
58
47
124
121
29
129
22
71
137
59
6
89
190
185
194
110
62
51
21
169
95
77
112
155
69
49
130
23
15
187
92
141
11
193
35
119
30
134
88
65
149
18
192
42
127
160
50
72
96
118
73
165
172
195
57
75
144
26
135
63
44
183
85
131
200
97
196
179
7
186
14
93
25
140
86
156
171
91
38
117
1
180
12
142
82
199
173
84
45
46
105
132
191
126
39
198
81
99
111
43
32
133
61
56
17
166
145
151
116
128
48
0
80
31
113
158
197
70
66
115
90
3
176
109
87
122
98
146
147
167
37
67
5
152
54
40
100
104
33
163
159
106
9
157
178
55
170
107
76
102
181
34
175
60
154
162