98
1
14
58
89
94
71
139
90
35
192
87
21
161
22
18
103
77
72
45
30
198
44
174
81
162
10
178
64
166
32
168
104
197
170
158
88
61
60
51
73
132
128
57
167
189
110
165
112
185
46
48
16
176
143
124
164
102
15
182
111
100
97
99
40
145
76
31
114
194
173
74
120
154
151
106
70
33
0
19
130
55
153
23
109
115
37
9
171
3
83
101
17
2
52
50
82
155
67
20
29
150
195
118
8
133
4
28
125
149
66
41
105
123
38
127
69
113
135
54
196
25
137
126
134
146
56
108
119
190
39
6
59
42
93
26
163
7
13
157
121
142
169
53
156
193
34
79
200
107
85
136
160
122
27
11
75
86
188
65
187
47
177
148
184
95
63
199
117
68
62
147
92
138
12
5
180
191
175
181
84
141
140
159
91
183
131
36
144
116
80
49
152
179
96
24
186
129
43
78
172