115
124
126
178
90
135
168
160
143
131
34
41
60
153
183
103
154
156
93
185
26
101
44
146
140
75
97
122
110
40
99
24
47
151
9
200
102
174
57
197
64
192
18
67
91
144
92
112
95
46
109
176
54
128
175
62
11
158
188
147
196
159
194
16
105
3
199
134
195
81
53
45
86
96
78
13
165
21
98
58
111
1
94
82
108
123
121
4
138
148
42
133
50
163
72
0
157
84
177
6
32
100
61
130
7
59
23
31
187
189
39
69
119
113
127
172
180
184
89
104
77
49
142
36
5
186
43
71
161
117
14
28
170
181
20
22
25
8
116
52
132
66
88
182
129
114
79
118
107
74
141
139
12
173
2
30
162
171
63
169
152
68
17
179
15
29
191
198
10
190
33
48
150
70
125
80
120
85
149
27
38
145
56
193
164
73
65
167
51
55
19
106
166
35
76
136
37
87
155
83
137