67
12
119
155
24
128
136
20
132
25
71
15
42
121
171
109
48
165
115
89
29
32
40
200
99
68
189
4
88
195
80
106
18
77
117
95
6
49
104
26
66
46
140
194
45
161
105
78
17
60
177
131
175
137
182
91
58
116
92
100
51
37
130
164
81
149
167
178
157
151
14
118
143
8
86
76
28
129
199
9
101
144
11
87
79
93
13
83
188
38
145
166
55
113
173
150
33
135
134
103
138
110
61
43
73
2
1
162
190
163
82
168
107
69
21
19
0
169
65
108
16
56
146
64
75
148
84
141
70
172
39
34
41
142
185
96
125
156
102
152
74
123
30
62
94
120
44
3
159
27
170
187
127
181
23
179
36
183
22
192
176
196
114
10
139
59
35
186
160
85
174
7
124
184
180
193
97
72
154
54
126
147
158
31
5
52
112
111
197
98
90
198
122
191
153
63
133
53
50
57
47