44
78
48
3
108
21
9
181
111
90
8
125
51
177
156
106
56
47
200
58
195
46
172
127
185
171
157
138
42
131
94
77
145
81
25
103
30
152
194
168
82
113
98
109
38
2
159
119
79
142
189
123
84
32
37
85
16
160
19
52
66
122
39
110
193
86
68
197
60
28
190
176
40
35
154
174
7
31
53
80
96
45
141
13
114
164
120
18
93
173
102
5
0
112
91
163
57
143
162
137
107
147
11
34
99
153
158
196
121
14
155
184
41
6
72
139
15
191
118
49
29
183
187
97
27
165
59
61
136
95
67
169
26
115
199
24
161
76
140
55
170
178
129
198
151
144
100
134
166
149
73
54
23
179
188
150
101
62
22
116
33
74
43
135
126
10
180
4
105
69
117
88
192
50
83
186
64
65
71
124
132
36
17
92
146
167
89
75
70
133
20
130
175
12
182
128
87
1
63
104
148