119
79
89
22
178
187
125
121
39
30
99
142
153
105
52
48
92
94
112
143
67
49
69
28
132
116
2
62
61
96
7
24
189
15
169
87
164
193
20
139
34
97
76
109
102
43
118
184
185
141
19
117
16
14
80
108
163
128
60
88
37
68
44
45
186
159
27
57
31
192
83
17
71
183
160
84
137
26
114
55
150
104
95
199
3
10
65
6
91
21
140
73
173
172
63
42
144
78
110
154
74
168
18
126
8
0
98
182
58
177
54
101
136
85
176
50
162
59
1
188
70
191
156
12
198
152
106
120
148
9
51
196
194
86
175
135
151
123
35
103
38
115
29
107
66
133
36
100
127
161
41
47
46
129
181
134
131
25
147
124
53
179
32
130
145
190
146
158
174
197
138
171
122
56
82
90
157
166
64
195
113
5
33
13
93
170
23
11
72
167
81
40
75
77
180
165
111
155
4
149
200