151
17
65
50
160
106
15
181
27
38
26
57
167
35
37
142
39
114
41
28
96
104
164
182
135
10
105
168
69
66
170
56
49
140
128
99
85
165
91
80
11
195
54
43
200
6
108
153
101
62
18
163
158
25
137
166
121
33
161
187
75
188
3
133
157
169
12
42
34
71
139
156
97
112
52
148
1
88
120
58
155
59
89
22
143
147
82
63
154
0
83
184
51
74
70
13
64
4
136
177
131
190
192
171
179
124
194
36
23
61
185
197
175
92
115
78
46
149
123
152
72
94
111
144
67
21
45
9
5
8
198
44
199
90
186
29
162
53
117
40
150
116
132
93
86
102
183
73
47
180
110
55
193
48
127
173
176
77
125
32
103
119
2
31
145
129
189
81
24
146
16
196
113
20
100
14
191
76
79
126
122
95
87
30
7
19
159
134
60
118
141
98
178
174
68
107
172
130
138
109
84