117
100
88
198
42
126
125
149
15
85
74
5
200
159
135
127
102
89
93
186
58
7
177
118
27
185
47
44
23
97
48
1
9
59
8
121
110
96
82
132
114
50
195
22
13
111
26
155
193
124
83
2
153
90
17
194
107
40
187
166
106
76
129
78
191
170
4
164
34
64
30
21
162
49
62
52
77
24
172
36
116
157
130
66
169
145
98
176
184
0
28
182
168
81
165
141
112
115
20
92
65
138
12
101
108
190
33
103
146
45
6
152
54
18
158
3
181
180
32
147
160
72
104
128
19
199
136
134
87
163
67
192
10
133
60
144
57
43
99
167
86
148
39
161
123
71
139
31
119
63
179
25
75
105
70
183
61
73
38
95
189
156
174
109
68
131
151
113
154
35
173
11
196
79
197
94
91
137
178
16
14
80
175
51
53
55
84
142
171
41
29
143
150
120
37
46
140
56
188
69
122