90
171
57
77
95
112
23
151
157
12
111
131
191
35
15
93
187
1
44
113
178
18
102
68
165
60
188
136
139
144
27
138
22
47
145
64
89
80
175
142
194
53
199
38
164
65
99
173
122
41
143
119
104
66
83
97
10
118
8
161
180
24
54
33
107
163
45
184
7
140
147
67
108
4
3
123
50
195
156
85
79
148
73
51
124
48
174
88
130
182
20
72
86
177
98
30
193
39
105
69
172
5
135
92
134
46
19
168
9
129
101
146
70
94
153
116
31
55
63
154
125
14
37
28
11
190
158
87
141
115
196
162
91
117
176
96
61
42
84
34
2
166
56
76
26
103
29
36
13
120
82
150
6
149
133
159
52
100
59
106
126
121
16
25
40
32
71
127
183
185
132
167
198
155
137
58
43
0
200
21
81
62
17
186
197
128
114
192
49
181
160
170
179
74
189
110
109
75
78
152
169