193
20
174
39
109
48
57
40
81
24
76
100
77
199
4
56
44
148
103
197
144
5
73
132
21
36
106
91
186
185
42
110
52
84
125
173
189
89
184
157
75
165
80
192
142
34
64
13
162
152
12
14
198
31
155
156
195
65
41
169
172
78
118
147
177
50
200
6
61
71
101
68
74
105
154
128
2
7
29
139
120
3
47
122
67
130
160
30
170
191
8
16
85
70
19
190
153
98
149
9
161
131
121
141
23
136
188
83
137
124
93
151
18
166
38
17
51
129
43
58
183
114
163
63
196
145
180
179
28
164
87
111
22
181
62
116
119
182
135
95
127
123
33
158
113
45
32
59
171
53
66
88
134
90
54
94
126
102
168
60
11
178
115
86
150
176
10
25
133
72
96
1
187
97
117
37
69
104
107
159
79
49
46
108
0
27
140
26
138
82
167
194
35
146
175
99
112
55
92
15
143