171
186
154
10
16
95
200
197
157
36
2
37
76
135
44
82
24
146
182
125
181
17
184
130
67
29
155
18
75
9
129
60
122
64
85
89
180
119
0
176
62
109
94
163
42
98
1
22
115
5
28
14
195
136
138
178
69
15
156
68
126
168
79
45
81
88
137
50
103
177
41
160
51
116
110
132
32
93
4
46
162
179
84
194
159
35
105
7
73
196
39
63
90
112
123
191
56
143
167
147
192
48
21
150
19
199
164
120
34
124
30
183
86
104
65
113
72
142
161
27
6
3
13
152
165
54
80
97
185
83
55
20
71
92
189
169
149
59
12
38
121
100
58
23
114
111
99
49
128
118
77
108
8
134
91
198
158
141
117
101
78
43
40
187
175
166
151
153
11
145
106
127
188
57
102
139
52
133
74
173
148
66
140
96
31
131
53
61
193
170
25
172
87
190
70
174
33
144
26
47
107