107
119
154
197
117
194
163
1
112
60
157
104
33
165
50
198
125
78
178
40
66
162
55
74
27
134
88
189
105
92
195
127
0
82
41
8
132
94
42
65
181
199
64
76
175
186
38
108
147
58
172
44
37
166
192
81
53
47
168
187
52
46
196
174
146
103
118
85
57
155
176
177
153
32
148
14
152
101
150
170
180
24
49
130
140
137
5
90
95
56
79
126
143
164
17
36
54
191
156
59
184
122
136
141
29
200
142
102
128
23
120
97
133
86
182
9
48
62
68
89
26
13
183
16
70
67
159
6
10
43
19
188
106
135
12
111
35
115
145
84
87
93
21
71
63
124
149
28
158
129
131
22
30
72
4
123
77
96
144
160
2
31
75
99
80
11
171
110
69
83
193
98
100
18
179
173
34
15
3
39
114
91
121
169
61
73
20
167
161
190
109
45
113
7
51
139
138
151
185
25
116