81
60
20
31
176
175
62
183
94
27
88
116
29
180
137
138
1
127
18
150
135
151
117
167
190
49
179
43
15
41
80
73
125
115
105
82
178
68
86
9
21
177
126
152
28
38
55
112
173
145
58
83
59
162
95
42
187
184
147
155
192
122
84
79
93
65
143
158
92
24
22
199
129
96
46
50
113
153
33
140
133
5
111
160
103
104
110
4
114
165
26
19
71
85
57
107
174
172
198
76
78
164
106
118
120
69
124
67
47
90
121
144
166
30
170
74
87
75
51
146
109
48
182
11
181
3
34
156
196
188
17
16
89
197
101
193
163
77
99
134
130
200
63
7
10
185
66
119
131
44
161
12
169
52
0
108
132
102
2
45
14
97
23
35
8
191
194
189
168
54
154
171
159
195
39
123
64
91
98
40
32
61
70
72
25
157
56
36
100
186
128
149
148
142
53
136
37
141
139
6
13