130
200
133
89
196
86
52
183
128
47
135
87
194
38
171
41
78
138
132
17
54
106
26
8
197
72
134
69
149
127
1
110
2
177
181
85
51
155
188
37
14
92
6
150
152
73
5
28
59
64
184
100
93
102
117
113
13
70
146
95
157
75
56
35
174
108
156
82
193
176
165
34
111
167
22
123
163
158
24
189
104
122
58
154
45
90
9
99
7
161
15
151
76
170
60
187
31
191
137
126
121
50
44
119
129
118
55
94
19
175
173
39
114
81
16
166
144
53
84
164
23
186
29
112
96
25
30
179
65
169
48
4
107
198
3
195
125
185
68
190
33
57
80
172
131
180
178
153
103
97
67
148
36
21
182
18
105
43
46
120
91
141
63
109
71
139
168
136
115
49
62
101
32
79
40
143
142
199
160
27
83
124
12
98
66
116
140
147
159
77
61
0
88
74
162
192
10
20
42
145
11