104
133
51
78
111
147
157
195
200
68
181
2
103
93
129
188
85
165
91
152
174
8
70
138
60
96
128
161
123
172
14
7
184
146
56
156
127
15
23
149
76
162
189
100
58
74
12
187
67
199
131
169
95
186
47
140
48
197
196
6
82
101
36
136
10
192
97
114
167
185
30
81
124
116
173
72
143
34
83
53
163
121
110
191
112
52
94
25
43
42
4
79
16
113
21
118
84
66
120
59
0
19
153
1
73
64
148
55
141
154
166
168
87
44
69
39
50
28
119
11
159
45
65
122
26
170
13
90
92
160
178
130
17
193
144
29
108
132
77
142
145
139
117
22
24
27
109
183
54
155
75
105
158
98
135
32
137
86
150
38
62
180
134
176
20
182
33
106
35
151
126
9
99
41
37
40
164
61
177
88
71
115
80
179
194
49
18
190
198
31
125
46
175
5
57
3
102
63
107
171
89