128
84
14
188
191
192
146
19
166
109
31
6
101
76
187
161
66
83
71
95
171
8
2
33
44
162
28
139
159
182
69
200
24
80
181
100
81
67
96
36
41
105
145
91
114
149
124
40
155
163
99
68
178
156
125
29
137
11
86
61
126
50
195
3
153
138
58
173
56
63
193
150
157
151
176
196
115
10
141
85
184
129
122
111
127
165
197
60
152
52
27
94
37
172
177
25
120
55
135
70
133
53
143
116
73
88
167
174
77
1
134
142
48
7
65
118
12
107
5
175
164
0
117
190
72
119
59
23
13
51
98
39
75
78
169
90
168
62
93
170
49
43
106
17
130
22
34
4
199
108
20
121
198
21
158
136
112
54
79
132
46
148
147
104
160
140
183
82
113
9
185
74
47
92
97
35
123
144
180
102
194
30
103
186
45
131
38
89
87
32
154
64
57
26
189
16
42
110
179
18
15