193
178
170
19
101
164
70
99
122
91
55
137
90
117
25
13
28
52
67
9
110
188
22
172
105
195
155
57
149
3
0
131
142
66
60
173
71
183
145
16
100
38
2
51
115
194
140
112
87
118
65
88
129
144
53
107
163
73
171
26
33
27
177
95
176
40
62
76
83
30
34
199
104
45
121
20
32
135
108
4
136
134
54
74
10
128
143
141
64
181
138
59
130
37
185
162
49
82
29
94
75
36
119
86
61
197
35
113
157
174
123
159
127
6
84
78
97
167
23
44
124
151
41
114
80
81
5
77
7
47
116
48
109
196
192
102
180
184
1
152
179
56
92
120
68
154
190
69
189
12
15
106
31
168
8
187
125
17
148
14
72
191
165
50
63
147
24
166
96
132
160
200
111
85
150
11
58
79
153
156
93
98
43
42
146
158
39
169
18
46
133
89
198
21
126
175
103
186
161
182
139