9
178
107
63
134
127
176
165
175
62
166
139
52
4
132
14
140
31
75
35
155
73
97
3
144
59
80
112
151
38
103
33
160
130
7
34
61
145
48
101
96
65
1
12
53
71
126
164
157
19
185
25
5
120
114
169
99
124
93
199
129
60
79
117
182
72
105
109
195
154
192
172
128
64
106
91
88
0
110
51
158
58
22
6
153
92
122
37
116
148
187
13
76
29
190
66
18
50
90
17
47
102
54
108
136
119
15
86
82
197
55
104
149
113
198
8
100
40
194
189
146
123
95
118
143
188
94
85
23
68
87
125
191
44
20
45
69
42
24
41
196
10
193
89
46
180
159
49
39
32
133
11
174
84
27
142
56
135
57
43
179
16
83
147
152
121
78
131
137
171
170
181
200
163
30
26
77
168
81
177
156
70
111
67
161
183
186
162
141
167
21
98
115
74
150
173
184
2
28
138
36