91
165
18
187
14
37
82
96
175
153
23
141
4
94
180
145
134
9
79
30
197
119
2
179
88
85
50
28
155
107
164
80
17
66
48
110
76
62
97
129
21
52
103
19
114
67
102
131
59
51
177
147
64
60
182
93
106
81
142
127
162
200
199
194
6
188
112
70
29
135
45
183
118
40
25
113
167
57
133
148
193
128
190
38
152
22
32
166
139
35
125
178
10
109
27
75
126
43
84
100
132
11
12
33
168
5
186
104
169
72
74
173
105
86
156
68
176
20
149
47
26
172
44
160
98
95
7
41
151
53
63
122
124
195
101
34
24
130
117
61
46
42
69
189
83
77
159
146
55
171
170
31
15
191
157
99
39
143
71
140
181
116
73
150
8
111
136
174
3
49
0
115
56
158
138
198
54
58
108
87
121
192
163
185
161
90
65
36
16
137
196
144
89
78
1
92
123
120
154
13
184