150
4
39
191
104
185
79
116
67
63
113
181
55
198
53
36
173
118
129
136
192
62
70
195
125
91
15
199
98
3
51
84
160
147
122
52
126
182
99
44
50
7
128
110
124
32
92
103
179
200
170
85
6
28
46
106
22
194
64
18
130
0
94
93
133
26
140
171
12
8
176
34
146
33
153
57
167
188
101
172
107
10
24
148
60
161
77
97
11
87
119
123
30
21
151
165
96
178
65
189
139
108
66
31
105
43
109
174
158
61
135
163
177
19
144
159
154
138
183
9
157
41
17
156
13
168
115
196
112
59
164
180
58
90
37
137
155
114
186
187
89
88
83
47
74
68
71
152
69
166
102
1
145
42
111
143
127
49
121
197
27
14
38
20
48
175
134
193
16
78
142
132
169
80
72
40
120
23
25
86
82
56
162
131
81
76
29
184
45
149
190
95
2
73
5
75
117
54
35
100
141