129
9
23
107
109
142
131
80
183
49
2
135
157
123
97
24
13
33
116
181
190
83
92
198
168
167
110
40
60
178
26
7
73
29
195
161
127
103
130
65
114
91
27
75
154
100
189
124
84
119
34
191
94
22
46
170
1
176
78
37
159
17
147
151
12
121
112
43
113
93
18
42
194
67
193
148
185
63
140
175
71
172
139
105
21
28
162
86
47
95
44
177
160
146
153
6
51
145
50
61
180
16
134
96
141
173
62
69
166
89
174
38
186
169
163
15
59
54
101
76
55
98
149
52
199
122
117
53
136
70
10
36
184
41
132
11
192
165
155
152
200
115
111
106
8
120
197
3
57
90
158
99
196
150
102
164
39
182
4
64
0
128
66
14
125
77
138
79
137
25
187
85
32
30
68
72
171
144
126
74
82
20
156
108
143
45
104
58
179
35
87
5
31
133
56
188
81
88
19
48
118