51
82
35
97
31
160
76
12
180
39
63
135
137
91
83
118
79
167
138
30
8
176
171
74
184
149
9
61
183
55
110
75
60
11
3
153
44
112
17
49
7
92
0
199
67
127
152
139
136
33
191
1
73
146
188
158
4
175
15
65
43
178
96
41
109
144
172
29
129
14
85
84
164
68
28
52
169
115
21
161
133
157
70
104
27
78
128
189
58
38
64
107
194
126
196
10
108
134
25
57
131
62
54
170
156
154
99
56
66
182
72
102
165
100
50
6
19
24
34
181
140
89
90
26
81
124
106
53
125
120
148
22
103
147
174
98
200
114
23
145
123
42
105
193
168
47
142
116
32
86
36
80
190
163
40
143
87
77
93
187
69
5
132
16
159
192
151
198
185
179
18
122
141
46
59
111
2
162
155
130
173
101
94
197
186
113
45
195
177
117
20
48
119
150
37
121
88
95
166
71
13