144
137
11
89
38
128
70
45
101
159
130
170
94
122
3
87
154
195
171
83
99
86
183
189
77
180
27
12
125
5
165
56
52
129
80
138
49
124
151
108
68
71
15
91
81
105
157
178
20
7
177
48
113
106
16
114
184
72
35
2
149
10
13
97
1
198
96
169
79
102
194
103
133
191
136
147
21
174
8
123
179
26
158
167
148
109
30
67
92
115
33
60
57
0
188
37
116
175
118
47
19
139
162
73
100
46
75
39
14
4
18
58
160
181
32
150
22
85
98
53
43
182
17
166
50
82
66
90
61
44
95
168
134
155
111
176
126
93
34
186
59
78
65
200
140
146
117
29
74
23
145
152
143
121
51
9
187
54
164
153
185
25
110
41
131
193
127
163
196
199
135
36
104
64
156
63
40
31
112
161
88
172
24
84
119
190
141
28
192
55
69
197
120
107
6
42
142
62
76
132
173