113
67
185
58
121
149
173
150
21
69
20
34
151
122
46
136
163
154
0
10
91
64
193
44
187
158
106
104
157
18
29
24
141
109
45
179
30
102
25
53
178
172
99
70
182
79
125
48
199
31
83
32
100
140
17
4
42
87
184
16
101
33
97
1
88
135
143
80
85
13
116
93
73
198
171
134
86
36
166
110
96
78
76
153
152
57
190
65
191
161
89
60
43
197
2
200
148
123
111
92
144
162
81
59
114
105
82
61
50
170
115
181
6
186
40
38
155
37
183
62
27
124
126
55
195
146
168
138
75
39
28
159
49
74
35
137
160
188
11
71
9
176
156
117
108
177
15
14
95
107
68
12
196
129
90
5
130
26
175
94
167
3
194
66
63
169
180
19
120
52
164
128
22
133
112
98
41
7
131
103
56
119
132
192
51
84
23
139
147
145
118
77
127
189
165
8
54
142
174
72
47