16
120
140
125
126
56
12
176
21
37
111
90
62
1
73
60
191
96
170
197
116
46
18
136
141
134
78
77
161
75
137
32
39
81
113
49
67
188
166
45
2
101
29
69
50
198
127
183
61
200
171
99
26
156
40
36
58
173
52
51
91
10
146
129
124
17
100
193
76
27
87
72
11
24
30
192
152
142
25
53
180
9
80
13
130
169
92
194
190
82
151
158
15
184
132
66
178
112
150
5
43
107
59
31
38
34
118
0
189
22
79
165
175
86
157
155
131
148
42
114
103
138
167
149
19
85
185
199
93
102
162
181
196
47
97
83
35
187
71
135
108
186
105
20
44
164
104
63
57
4
3
109
172
64
168
117
48
84
95
74
14
70
33
133
23
89
54
177
147
65
174
154
28
122
144
110
195
121
6
123
128
119
143
159
160
139
106
182
88
145
68
8
115
153
163
179
41
94
55
7
98