41
9
135
17
24
97
147
27
142
183
88
100
96
28
148
3
119
111
90
20
37
1
66
36
153
106
136
25
141
107
52
143
197
43
50
13
112
16
144
48
34
61
116
180
193
93
56
8
170
77
186
40
188
122
45
128
92
54
140
177
0
191
31
11
113
75
138
4
86
133
105
200
68
89
67
23
65
176
126
83
30
196
47
189
192
73
26
158
137
134
127
114
104
70
124
32
125
29
99
187
69
184
81
172
173
110
38
167
175
190
174
179
55
85
156
15
129
6
101
166
33
117
102
165
159
22
35
181
64
146
120
108
185
51
80
84
103
151
87
76
157
98
198
145
178
58
78
2
171
91
46
72
199
150
79
44
42
19
18
194
160
155
118
39
71
109
74
49
14
59
62
168
63
152
115
130
121
60
164
169
149
182
57
161
132
195
7
21
10
53
123
82
162
154
139
5
94
12
95
163
131