25
78
60
144
133
92
62
8
134
39
161
63
6
165
5
128
56
123
21
102
159
162
16
33
171
104
152
4
143
147
93
12
54
73
30
178
76
40
163
46
138
179
121
26
195
125
109
79
81
182
140
184
158
136
175
91
189
130
114
86
15
186
32
150
156
87
99
131
145
74
11
89
83
42
149
155
57
72
43
103
164
58
190
100
22
82
85
84
10
64
196
153
41
168
111
191
173
127
88
194
177
119
183
169
0
187
61
95
3
181
37
34
112
185
70
94
13
71
137
52
90
45
24
53
48
50
96
115
23
126
199
20
192
66
135
17
129
44
172
160
47
19
193
69
9
28
118
188
51
180
105
110
167
68
59
124
146
142
200
116
27
117
77
31
198
174
170
75
113
29
176
7
151
197
67
122
2
65
18
141
166
14
36
49
106
97
120
148
108
80
1
139
55
35
38
132
154
157
101
107
98