16
169
77
34
195
191
91
84
69
168
27
112
76
152
45
174
6
131
87
149
109
97
105
178
70
67
144
15
102
133
41
9
82
64
143
75
35
164
163
51
10
192
116
19
145
93
111
104
17
89
148
123
33
113
39
13
40
37
132
182
99
44
154
200
98
73
24
176
120
125
28
186
187
38
4
2
46
155
180
62
184
103
115
29
179
173
190
86
8
81
119
60
110
158
138
21
141
124
146
36
198
162
74
197
108
159
48
177
50
94
106
52
137
43
101
166
32
96
31
153
61
66
47
26
25
72
1
18
194
68
172
22
130
171
95
88
30
78
167
55
59
100
11
117
128
185
126
196
157
134
160
139
189
79
85
92
150
142
135
42
20
114
12
80
199
63
56
118
136
58
161
65
5
188
147
193
183
3
151
165
0
23
121
53
107
90
49
140
7
175
122
129
54
83
71
127
57
181
170
14
156