129
110
45
84
109
12
187
83
114
43
173
194
47
55
8
182
0
121
145
164
33
177
161
56
6
4
188
52
175
171
139
101
148
40
200
46
44
24
172
28
86
74
151
23
181
195
132
168
147
134
25
92
39
63
85
107
54
78
35
104
37
115
100
48
192
61
197
69
70
11
9
167
119
113
193
160
152
179
42
51
1
165
117
68
116
138
73
89
103
123
153
15
53
65
137
75
166
163
105
79
176
112
118
183
26
2
60
41
3
16
102
21
108
14
80
5
191
155
64
184
30
98
72
190
128
82
122
142
71
199
162
77
120
150
146
154
149
87
10
38
198
96
90
31
67
111
124
76
189
88
29
140
178
144
170
130
97
66
135
13
126
58
156
180
125
7
131
99
185
19
133
127
91
169
36
17
157
106
158
18
141
22
95
34
50
94
196
136
49
20
93
32
59
57
186
62
81
159
143
27
174