130
59
162
197
10
43
132
78
46
156
18
55
41
150
164
178
106
185
99
152
27
140
91
135
53
13
117
2
65
47
165
83
100
158
15
38
49
1
184
8
11
56
107
98
22
62
25
35
200
74
7
88
188
111
34
92
112
145
44
113
66
189
20
96
6
97
177
77
54
160
121
102
125
196
146
94
172
144
127
0
95
72
128
89
157
109
151
45
179
182
108
175
68
14
138
73
101
60
193
81
153
76
176
84
50
120
141
4
136
37
33
90
40
194
154
199
23
181
31
155
173
3
118
147
163
75
190
58
166
16
17
69
42
67
30
139
24
12
148
134
71
195
192
159
48
142
169
110
9
5
79
129
124
187
115
171
21
119
105
161
52
122
93
168
26
64
186
183
116
104
114
82
131
198
149
87
174
57
103
32
85
80
61
126
143
28
39
170
137
70
167
36
180
123
86
29
63
191
51
19
133